20200122	3591	0	0	0
20200122	3607	2	0	0
20200122	3623	1	0	0
20200122	3624	1	0	0
20200122	3625	14	0	0
20200122	3626	6	0	0
20200122	3627	1	0	0
20200122	3628	0	0	0
20200122	3629	26	0	0
20200122	3630	2	0	0
20200122	3631	1	0	0
20200122	3632	4	0	0
20200122	3633	1	0	0
20200122	3634	0	0	0
20200122	3635	5	0	0
20200122	3636	444	17	28
20200122	3637	4	0	0
20200122	3638	0	0	0
20200122	3639	1	0	0
20200122	3640	2	0	0
20200122	3641	0	0	0
20200122	3642	2	0	0
20200122	3643	1	0	0
20200122	3644	0	0	0
20200122	3645	0	0	0
20200122	3646	2	0	0
20200122	3647	9	0	0
20200122	3648	1	0	0
20200122	3649	5	0	0
20200122	3650	4	0	0
20200122	3651	0	0	0
20200122	3652	0	0	0
20200122	3653	1	0	0
20200122	3654	10	0	0
20200122	3714	1	0	0
20200122	3723	1	0	0
20200122	3726	2	0	0
20200122	3924	1	0	0
20200123	3459	0	0	0
20200123	3481	0	0	0
20200123	3540	0	0	0
20200123	3591	2	0	0
20200123	3607	1	0	0
20200123	3623	2	0	0
20200123	3624	9	0	0
20200123	3625	22	0	0
20200123	3626	9	0	0
20200123	3627	5	0	0
20200123	3628	2	0	0
20200123	3629	32	0	2
20200123	3630	5	0	0
20200123	3631	3	0	0
20200123	3632	5	0	0
20200123	3633	1	1	0
20200123	3634	2	0	0
20200123	3635	5	0	0
20200123	3636	444	17	28
20200123	3637	9	0	0
20200123	3638	0	0	0
20200123	3639	5	0	0
20200123	3640	7	0	0
20200123	3641	1	0	0
20200123	3642	3	0	0
20200123	3643	1	0	0
20200123	3644	0	0	0
20200123	3645	3	0	0
20200123	3646	6	0	0
20200123	3647	16	0	0
20200123	3648	1	0	0
20200123	3649	8	0	0
20200123	3650	4	0	0
20200123	3651	0	0	0
20200123	3652	2	0	0
20200123	3653	2	0	0
20200123	3654	27	0	0
20200123	3655	0	0	0
20200123	3661	0	0	0
20200123	3686	0	0	0
20200123	3709	1	0	0
20200123	3714	1	0	0
20200123	3723	1	0	0
20200123	3726	3	0	0
20200123	3924	1	0	0
20200123	3939	2	0	0
20200124	3564	2	0	0
20200124	3591	2	0	0
20200124	3607	2	0	0
20200124	3623	2	0	0
20200124	3624	15	0	0
20200124	3625	36	0	1
20200124	3626	27	0	0
20200124	3627	10	0	0
20200124	3628	2	0	0
20200124	3629	53	0	2
20200124	3630	23	0	0
20200124	3631	3	0	0
20200124	3632	8	0	0
20200124	3633	2	1	0
20200124	3634	4	1	0
20200124	3635	9	0	0
20200124	3636	549	24	31
20200124	3637	24	0	0
20200124	3638	1	0	0
20200124	3639	9	0	0
20200124	3640	18	0	0
20200124	3641	3	0	0
20200124	3642	4	0	0
20200124	3643	2	0	0
20200124	3644	0	0	0
20200124	3645	5	0	0
20200124	3646	15	0	0
20200124	3647	20	0	1
20200124	3648	1	0	0
20200124	3649	15	0	0
20200124	3650	8	0	0
20200124	3652	2	0	0
20200124	3653	5	0	0
20200124	3654	43	0	1
20200124	3709	3	0	0
20200124	3714	2	0	0
20200124	3723	3	0	0
20200124	3726	5	0	0
20200124	3761	1	0	0
20200124	3924	1	0	0
20200124	3939	2	0	0
20200125	3459	4	0	0
20200125	3564	3	0	0
20200125	3591	5	0	0
20200125	3607	2	0	0
20200125	3623	2	0	0
20200125	3624	39	0	0
20200125	3625	41	0	2
20200125	3626	57	0	0
20200125	3627	18	0	0
20200125	3628	4	0	0
20200125	3629	78	0	2
20200125	3630	23	0	0
20200125	3631	4	0	0
20200125	3632	19	0	0
20200125	3633	8	1	0
20200125	3634	9	1	0
20200125	3635	32	0	0
20200125	3636	761	40	32
20200125	3637	43	0	0
20200125	3638	7	0	0
20200125	3639	18	0	1
20200125	3640	18	0	0
20200125	3641	4	0	0
20200125	3642	17	0	0
20200125	3643	3	0	0
20200125	3644	1	0	0
20200125	3645	15	0	0
20200125	3646	27	0	0
20200125	3647	33	0	1
20200125	3648	6	0	0
20200125	3649	28	0	0
20200125	3650	10	0	0
20200125	3652	3	0	0
20200125	3653	11	0	0
20200125	3654	62	0	1
20200125	3655	3	0	0
20200125	3668	1	0	0
20200125	3709	3	0	0
20200125	3714	2	0	0
20200125	3723	3	0	0
20200125	3726	7	0	0
20200125	3806	1	0	0
20200125	3924	1	0	0
20200125	3939	2	0	0
20200126	3459	4	0	0
20200126	3498	1	0	0
20200126	3564	3	0	0
20200126	3591	8	0	0
20200126	3607	4	0	1
20200126	3623	5	0	0
20200126	3624	60	0	0
20200126	3625	68	0	2
20200126	3626	75	0	0
20200126	3627	35	0	0
20200126	3628	7	0	0
20200126	3629	111	0	2
20200126	3630	36	0	0
20200126	3631	5	0	0
20200126	3632	22	0	0
20200126	3633	13	1	0
20200126	3634	15	1	0
20200126	3635	83	1	0
20200126	3636	1058	52	42
20200126	3637	69	0	0
20200126	3638	7	0	0
20200126	3639	33	0	1
20200126	3640	36	0	0
20200126	3641	4	0	0
20200126	3642	21	0	0
20200126	3643	4	0	0
20200126	3644	1	0	0
20200126	3645	22	0	0
20200126	3646	46	0	0
20200126	3647	40	1	1
20200126	3648	9	0	0
20200126	3649	44	0	0
20200126	3650	14	0	0
20200126	3652	4	0	0
20200126	3653	16	0	0
20200126	3654	104	0	1
20200126	3655	4	0	0
20200126	3668	1	0	0
20200126	3709	4	0	0
20200126	3714	3	0	0
20200126	3723	4	0	0
20200126	3726	8	0	2
20200126	3746	1	0	0
20200126	3755	2	0	0
20200126	3806	1	0	0
20200126	3924	1	0	0
20200126	3939	2	0	0
20200127	3462	4	0	0
20200127	3467	1	0	0
20200127	3485	1	0	0
20200127	3498	1	0	0
20200127	3564	3	0	0
20200127	3591	8	0	0
20200127	3605	1	0	0
20200127	3607	4	0	1
20200127	3623	6	0	0
20200127	3624	70	0	0
20200127	3625	80	1	2
20200127	3626	110	0	0
20200127	3627	59	0	0
20200127	3628	14	0	0
20200127	3629	151	0	4
20200127	3630	46	0	0
20200127	3631	7	0	0
20200127	3632	33	1	0
20200127	3633	18	1	0
20200127	3634	21	1	0
20200127	3635	128	1	0
20200127	3636	1423	76	45
20200127	3637	100	0	0
20200127	3638	11	0	0
20200127	3639	47	0	1
20200127	3640	72	0	2
20200127	3641	6	0	0
20200127	3642	27	0	0
20200127	3643	7	0	0
20200127	3644	6	0	0
20200127	3645	35	0	0
20200127	3646	75	0	0
20200127	3647	53	1	3
20200127	3648	13	0	0
20200127	3649	69	0	0
20200127	3650	23	0	0
20200127	3652	5	0	0
20200127	3653	26	0	0
20200127	3654	128	0	1
20200127	3655	4	0	0
20200127	3668	1	0	0
20200127	3709	5	0	0
20200127	3714	4	0	0
20200127	3716	1	0	0
20200127	3723	5	0	0
20200127	3726	8	0	2
20200127	3746	1	0	0
20200127	3755	2	0	0
20200127	3806	1	0	0
20200127	3924	1	0	0
20200127	3939	2	0	0
20200128	3462	4	0	0
20200128	3467	1	0	0
20200128	3485	1	0	0
20200128	3489	1	0	0
20200128	3498	1	0	0
20200128	3564	4	0	0
20200128	3578	4	0	0
20200128	3591	8	0	0
20200128	3607	7	0	1
20200128	3623	7	0	0
20200128	3624	106	0	0
20200128	3625	91	1	4
20200128	3626	132	0	0
20200128	3627	80	0	0
20200128	3628	19	0	0
20200128	3629	207	0	4
20200128	3630	51	0	2
20200128	3631	9	0	0
20200128	3632	40	1	0
20200128	3633	33	1	0
20200128	3634	33	1	0
20200128	3635	168	1	0
20200128	3636	3554	125	80
20200128	3637	143	0	0
20200128	3638	15	0	0
20200128	3639	70	0	1
20200128	3640	109	0	3
20200128	3641	8	0	0
20200128	3642	34	0	0
20200128	3643	11	0	0
20200128	3644	6	0	0
20200128	3645	46	0	0
20200128	3646	95	0	0
20200128	3647	66	1	4
20200128	3648	27	0	0
20200128	3649	90	0	0
20200128	3650	24	0	0
20200128	3652	10	0	0
20200128	3653	44	0	0
20200128	3654	173	0	3
20200128	3655	4	0	0
20200128	3668	1	0	0
20200128	3709	7	0	0
20200128	3714	4	0	0
20200128	3716	1	0	0
20200128	3723	8	0	0
20200128	3726	14	0	5
20200128	3746	1	0	0
20200128	3755	2	0	0
20200128	3806	1	0	0
20200128	3924	1	0	0
20200128	3939	2	0	0
20200129	3462	4	0	0
20200129	3467	1	0	0
20200129	3485	1	0	0
20200129	3489	1	0	0
20200129	3498	1	0	0
20200129	3563	1	0	0
20200129	3564	5	0	0
20200129	3578	4	0	0
20200129	3591	10	0	0
20200129	3607	7	0	1
20200129	3623	7	0	0
20200129	3624	152	0	2
20200129	3625	111	1	4
20200129	3626	147	0	1
20200129	3627	84	0	0
20200129	3628	24	0	0
20200129	3629	277	0	5
20200129	3630	58	0	2
20200129	3631	9	0	1
20200129	3632	43	1	0
20200129	3633	48	1	0
20200129	3634	38	1	0
20200129	3635	206	2	1
20200129	3636	3554	125	88
20200129	3637	221	0	0
20200129	3638	16	0	0
20200129	3639	99	0	1
20200129	3640	109	0	3
20200129	3641	9	0	0
20200129	3642	39	0	1
20200129	3643	12	0	0
20200129	3644	6	0	0
20200129	3645	56	0	0
20200129	3646	130	0	1
20200129	3647	96	1	5
20200129	3648	27	0	1
20200129	3649	108	1	1
20200129	3650	27	0	0
20200129	3652	13	0	0
20200129	3653	55	0	0
20200129	3654	296	0	3
20200129	3655	7	0	0
20200129	3668	1	0	0
20200129	3709	7	0	0
20200129	3714	4	0	0
20200129	3716	1	0	0
20200129	3723	8	0	0
20200129	3726	14	0	5
20200129	3735	4	0	0
20200129	3746	1	0	0
20200129	3755	2	0	0
20200129	3806	1	0	0
20200129	3924	1	0	0
20200129	3939	2	0	0
20200130	3462	4	0	2
20200130	3464	3	0	0
20200130	3467	2	0	0
20200130	3485	1	0	0
20200130	3489	1	0	0
20200130	3498	2	0	0
20200130	3563	1	0	0
20200130	3564	5	0	0
20200130	3578	4	0	0
20200130	3591	10	0	0
20200130	3595	1	0	0
20200130	3607	11	0	1
20200130	3623	7	0	0
20200130	3624	200	0	2
20200130	3625	114	1	4
20200130	3626	182	0	1
20200130	3627	101	0	0
20200130	3628	26	0	0
20200130	3629	354	0	10
20200130	3630	78	0	2
20200130	3631	12	0	1
20200130	3632	46	1	1
20200130	3633	65	1	0
20200130	3634	44	2	0
20200130	3635	278	2	2
20200130	3636	4903	162	90
20200130	3637	277	0	2
20200130	3638	19	0	0
20200130	3639	129	0	1
20200130	3640	162	0	5
20200130	3641	14	0	1
20200130	3642	41	0	1
20200130	3643	17	0	0
20200130	3644	8	0	0
20200130	3645	63	0	0
20200130	3646	158	0	1
20200130	3647	112	1	5
20200130	3648	35	0	1
20200130	3649	142	1	1
20200130	3650	31	0	0
20200130	3651	1	0	0
20200130	3652	14	0	0
20200130	3653	70	0	0
20200130	3654	428	0	4
20200130	3655	8	0	0
20200130	3668	1	0	0
20200130	3686	1	0	0
20200130	3709	10	0	0
20200130	3714	4	0	0
20200130	3716	1	0	0
20200130	3723	9	0	0
20200130	3726	14	0	5
20200130	3735	4	0	0
20200130	3746	1	0	0
20200130	3755	2	0	0
20200130	3806	1	0	0
20200130	3924	1	0	0
20200130	3939	2	0	0
20200131	3462	4	0	2
20200131	3464	2	0	0
20200131	3467	3	0	0
20200131	3485	1	0	0
20200131	3489	1	0	0
20200131	3498	2	0	0
20200131	3563	1	0	0
20200131	3564	5	0	0
20200131	3578	5	0	0
20200131	3591	12	0	0
20200131	3595	1	0	0
20200131	3604	2	0	0
20200131	3607	15	0	1
20200131	3623	7	0	0
20200131	3624	237	0	3
20200131	3625	139	1	5
20200131	3626	211	0	1
20200131	3627	120	0	0
20200131	3628	29	0	0
20200131	3629	436	0	11
20200131	3630	87	0	2
20200131	3631	29	0	2
20200131	3632	52	1	1
20200131	3633	82	1	0
20200131	3634	59	2	0
20200131	3635	352	2	3
20200131	3636	5806	204	141
20200131	3637	332	0	2
20200131	3638	20	0	1
20200131	3639	168	0	5
20200131	3640	240	0	7
20200131	3641	14	0	1
20200131	3642	48	0	1
20200131	3643	21	0	0
20200131	3644	8	0	0
20200131	3645	87	0	0
20200131	3646	184	0	2
20200131	3647	135	1	9
20200131	3648	39	0	1
20200131	3649	177	1	1
20200131	3650	32	0	0
20200131	3651	1	0	0
20200131	3652	17	0	0
20200131	3653	83	0	1
20200131	3654	538	0	14
20200131	3655	8	0	0
20200131	3668	1	0	0
20200131	3686	1	0	0
20200131	3697	2	0	0
20200131	3709	13	0	0
20200131	3714	11	0	0
20200131	3716	1	0	0
20200131	3720	1	0	0
20200131	3723	10	0	0
20200131	3726	19	0	5
20200131	3733	2	0	0
20200131	3735	4	0	0
20200131	3746	1	0	0
20200131	3755	2	0	0
20200131	3806	2	0	0
20200131	3924	1	0	0
20200131	3939	2	0	0
20200201	3462	4	0	2
20200201	3464	3	0	0
20200201	3465	1	0	0
20200201	3467	4	0	0
20200201	3489	1	0	0
20200201	3498	3	0	0
20200201	3564	6	0	0
20200201	3577	8	0	0
20200201	3591	13	0	0
20200201	3607	20	0	1
20200201	3624	297	0	5
20200201	3625	168	1	9
20200201	3626	247	1	3
20200201	3627	144	0	0
20200201	3628	40	0	0
20200201	3629	535	0	14
20200201	3630	100	0	2
20200201	3632	62	1	1
20200201	3633	96	1	0
20200201	3634	80	2	2
20200201	3635	422	2	3
20200201	3636	7153	249	168
20200201	3637	389	0	8
20200201	3638	23	0	1
20200201	3639	202	0	6
20200201	3640	286	0	9
20200201	3641	17	0	1
20200201	3642	64	0	1
20200201	3643	26	0	0
20200201	3644	9	0	0
20200201	3645	101	0	0
20200201	3646	206	0	3
20200201	3647	169	1	10
20200201	3648	47	0	1
20200201	3649	207	1	3
20200201	3650	41	0	0
20200201	3651	1	0	0
20200201	3652	18	0	0
20200201	3653	93	0	2
20200201	3654	599	0	21
20200201	3686	1	0	0
20200201	3709	16	0	0
20200201	3714	12	0	0
20200201	3715	1	0	0
20200201	3720	1	0	0
20200201	3733	2	0	0
20200201	3753	1	0	0
20200201	3762	2	0	0
20200201	3824	1	0	0
20200201	3862	1	0	0
20200201	3887	1	0	0
20200201	3892	1	0	0
20200201	3905	1	0	0
20200201	3939	6	0	1
20200202	3464	2	0	0
20200202	3465	2	0	0
20200202	3577	10	0	0
20200202	3591	15	0	0
20200202	3595	2	0	0
20200202	3623	8	0	0
20200202	3624	340	0	7
20200202	3625	191	1	9
20200202	3626	300	2	7
20200202	3627	159	0	0
20200202	3628	51	0	3
20200202	3629	632	0	15
20200202	3630	111	0	2
20200202	3631	38	0	2
20200202	3632	64	1	4
20200202	3633	104	1	3
20200202	3634	95	2	2
20200202	3635	493	2	10
20200202	3636	11177	350	295
20200202	3637	463	0	16
20200202	3638	27	0	1
20200202	3639	236	0	7
20200202	3640	333	0	12
20200202	3641	23	0	1
20200202	3642	70	0	1
20200202	3643	28	0	0
20200202	3644	11	0	0
20200202	3645	116	0	0
20200202	3646	230	0	6
20200202	3647	182	1	10
20200202	3648	66	0	3
20200202	3649	231	1	11
20200202	3650	48	0	1
20200202	3652	21	0	0
20200202	3653	105	0	3
20200202	3654	661	0	32
20200202	3686	2	1	0
20200202	3709	18	0	0
20200202	3714	15	0	0
20200202	3735	5	0	0
20200203	3577	12	0	0
20200203	3595	3	0	0
20200203	3624	408	0	14
20200203	3625	212	1	12
20200203	3626	337	2	9
20200203	3627	179	0	1
20200203	3628	55	0	3
20200203	3629	725	0	21
20200203	3630	127	0	7
20200203	3631	46	0	2
20200203	3632	72	1	4
20200203	3633	113	1	3
20200203	3634	121	2	2
20200203	3635	566	2	16
20200203	3636	13522	414	386
20200203	3637	521	0	22
20200203	3638	34	0	1
20200203	3639	271	0	8
20200203	3640	391	0	18
20200203	3641	31	0	1
20200203	3642	74	0	1
20200203	3643	31	0	1
20200203	3644	13	0	0
20200203	3645	128	0	0
20200203	3646	259	0	7
20200203	3647	203	1	10
20200203	3648	74	0	2
20200203	3649	254	1	14
20200203	3650	60	0	1
20200203	3652	24	0	0
20200203	3653	117	0	5
20200203	3654	724	0	43
20200203	3882	2	0	0
20200203	3887	2	0	0
20200203	3939	8	0	1
20200204	3464	3	0	0
20200204	3476	1	0	0
20200204	3493	1	0	0
20200204	3502	2	0	0
20200204	3591	17	1	0
20200204	3607	22	0	1
20200204	3623	10	0	0
20200204	3624	480	0	20
20200204	3625	228	1	23
20200204	3626	366	2	9
20200204	3627	194	0	3
20200204	3628	57	0	4
20200204	3629	813	0	30
20200204	3630	139	0	10
20200204	3631	58	0	2
20200204	3632	80	1	5
20200204	3633	126	1	4
20200204	3634	155	2	4
20200204	3635	675	2	27
20200204	3636	16678	479	522
20200204	3637	593	0	31
20200204	3638	35	0	1
20200204	3639	308	0	12
20200204	3640	476	0	20
20200204	3641	42	0	1
20200204	3642	81	0	2
20200204	3643	34	0	1
20200204	3644	15	0	0
20200204	3645	142	0	2
20200204	3646	275	0	11
20200204	3647	219	1	12
20200204	3648	81	0	4
20200204	3649	282	1	14
20200204	3650	67	0	2
20200204	3652	29	0	0
20200204	3653	122	0	5
20200204	3654	829	0	62
20200204	3655	10	0	0
20200204	3709	24	0	0
20200204	3714	16	0	0
20200204	3723	11	0	0
20200204	3726	25	0	5
20200205	3489	2	0	0
20200205	3591	21	1	0
20200205	3624	530	0	23
20200205	3625	253	1	24
20200205	3626	389	2	15
20200205	3627	205	0	11
20200205	3628	62	0	6
20200205	3629	895	0	49
20200205	3630	150	0	13
20200205	3631	64	1	9
20200205	3632	99	1	5
20200205	3633	135	1	6
20200205	3634	190	2	7
20200205	3635	764	2	47
20200205	3636	19665	549	633
20200205	3637	661	0	54
20200205	3638	42	0	3
20200205	3639	341	0	23
20200205	3640	548	0	27
20200205	3641	54	0	2
20200205	3642	89	0	4
20200205	3644	17	0	3
20200205	3645	165	0	6
20200205	3646	307	0	15
20200205	3647	243	1	15
20200205	3648	81	0	5
20200205	3649	301	1	24
20200205	3650	69	1	2
20200205	3652	32	0	0
20200205	3653	128	0	5
20200205	3654	895	0	78
20200205	3655	12	0	0
20200205	3709	28	0	0
20200205	3714	19	0	0
20200205	3827	1	0	0
20200206	3462	4	0	2
20200206	3464	4	0	0
20200206	3591	24	1	0
20200206	3607	45	0	1
20200206	3623	10	0	1
20200206	3624	591	0	34
20200206	3625	274	1	31
20200206	3626	411	2	24
20200206	3627	215	0	14
20200206	3629	970	0	69
20200206	3630	168	0	14
20200206	3631	71	1	6
20200206	3632	106	1	8
20200206	3633	157	1	13
20200206	3634	227	3	8
20200206	3635	851	2	56
20200206	3636	22112	618	817
20200206	3637	711	0	81
20200206	3638	46	0	4
20200206	3639	373	0	34
20200206	3640	600	0	37
20200206	3641	59	0	4
20200206	3642	94	0	5
20200206	3643	40	0	1
20200206	3644	18	0	3
20200206	3645	173	0	9
20200206	3646	347	0	27
20200206	3647	257	1	25
20200206	3648	96	0	12
20200206	3649	321	1	31
20200206	3650	79	1	2
20200206	3652	36	0	0
20200206	3653	133	0	7
20200206	3654	954	0	94
20200206	3714	23	0	0
20200206	3723	16	0	1
20200206	3939	10	0	1
20200207	3464	5	0	0
20200207	3489	4	0	0
20200207	3577	13	0	0
20200207	3591	25	1	0
20200207	3604	3	0	0
20200207	3607	25	0	1
20200207	3624	665	0	47
20200207	3625	297	1	33
20200207	3626	426	2	31
20200207	3627	224	0	20
20200207	3628	67	0	9
20200207	3629	1034	1	88
20200207	3630	172	0	17
20200207	3631	81	1	6
20200207	3632	117	2	10
20200207	3633	172	1	22
20200207	3634	277	3	12
20200207	3635	914	3	86
20200207	3636	24953	699	1115
20200207	3637	772	0	112
20200207	3638	50	0	5
20200207	3639	408	0	43
20200207	3640	661	0	45
20200207	3641	65	1	4
20200207	3642	99	0	7
20200207	3643	43	0	5
20200207	3645	184	0	17
20200207	3646	386	0	37
20200207	3647	277	1	30
20200207	3648	104	0	15
20200207	3649	344	1	42
20200207	3650	81	1	2
20200207	3652	39	0	0
20200207	3653	138	0	12
20200207	3654	1006	0	123
20200207	3655	12	0	1
20200207	3679	61	0	0
20200207	3686	3	1	0
20200207	3709	30	0	0
20200207	3714	24	0	1
20200207	3733	3	0	0
20200208	3564	11	0	0
20200208	3591	26	1	0
20200208	3624	733	0	59
20200208	3625	315	2	34
20200208	3626	428	2	39
20200208	3627	239	0	24
20200208	3628	79	1	12
20200208	3629	1095	1	112
20200208	3630	183	0	17
20200208	3631	89	1	7
20200208	3632	124	2	14
20200208	3633	195	1	30
20200208	3634	295	5	13
20200208	3635	981	4	116
20200208	3636	27100	780	1439
20200208	3637	803	1	156
20200208	3638	52	0	5
20200208	3639	439	0	51
20200208	3640	698	0	55
20200208	3641	69	1	4
20200208	3642	105	0	8
20200208	3643	45	0	15
20200208	3645	195	0	20
20200208	3646	416	0	44
20200208	3647	286	1	41
20200208	3648	115	0	21
20200208	3649	364	1	60
20200208	3650	88	1	4
20200208	3652	42	0	0
20200208	3653	138	0	17
20200208	3654	1048	0	175
20200208	3655	16	0	1
20200208	3709	33	0	2
20200208	3716	1	0	1
20200208	3723	17	0	1
20200208	3726	32	0	10
20200208	3735	7	0	0
20200208	3939	13	0	1
20200209	3464	5	0	0
20200209	3577	14	0	0
20200209	3591	29	1	0
20200209	3607	26	0	1
20200209	3624	779	1	72
20200209	3625	326	2	37
20200209	3626	468	2	51
20200209	3627	250	0	35
20200209	3628	83	2	16
20200209	3629	1131	1	141
20200209	3630	195	1	18
20200209	3631	99	1	7
20200209	3632	131	3	19
20200209	3633	206	2	34
20200209	3634	307	6	14
20200209	3635	1033	6	153
20200209	3636	29631	871	1795
20200209	3637	838	1	186
20200209	3638	54	0	5
20200209	3639	468	0	71
20200209	3640	740	0	73
20200209	3641	78	1	12
20200209	3642	107	0	12
20200209	3643	45	0	13
20200209	3645	208	0	25
20200209	3646	444	1	63
20200209	3647	293	1	44
20200209	3648	119	0	25
20200209	3649	386	1	71
20200209	3650	91	1	4
20200209	3652	45	0	0
20200209	3653	141	0	18
20200209	3654	1075	0	201
20200209	3680	64	0	0
20200209	3709	40	0	2
20200209	3714	25	0	3
20200209	3715	2	0	0
20200209	3723	18	0	1
20200209	3762	2	0	2
20200209	3892	1	0	1
20200210	3591	38	1	0
20200210	3607	26	0	4
20200210	3624	830	3	88
20200210	3625	337	2	44
20200210	3626	486	2	66
20200210	3627	261	0	39
20200210	3628	83	2	17
20200210	3629	1159	1	167
20200210	3630	210	1	24
20200210	3631	109	1	10
20200210	3632	138	3	19
20200210	3633	218	2	41
20200210	3634	331	7	30
20200210	3635	1073	6	191
20200210	3636	31728	974	2222
20200210	3637	879	1	208
20200210	3638	58	0	5
20200210	3639	492	0	81
20200210	3640	771	1	105
20200210	3641	80	1	13
20200210	3642	108	0	13
20200210	3643	49	0	13
20200210	3645	213	0	30
20200210	3646	466	1	66
20200210	3647	299	1	48
20200210	3649	405	1	80
20200210	3650	95	1	8
20200210	3652	49	0	0
20200210	3653	149	0	19
20200210	3654	1092	0	242
20200210	3655	18	0	1
20200210	3680	135	0	0
20200210	3709	45	0	2
20200210	3714	27	0	3
20200210	3733	8	0	0
20200210	3735	8	0	0
20200210	3939	14	0	1
20200211	3577	16	0	0
20200211	3591	49	1	0
20200211	3607	26	0	9
20200211	3624	860	4	105
20200211	3625	342	3	48
20200211	3626	505	3	79
20200211	3627	267	0	45
20200211	3628	86	2	24
20200211	3629	1177	1	212
20200211	3630	215	1	33
20200211	3631	127	1	17
20200211	3632	144	3	20
20200211	3633	239	2	48
20200211	3634	360	8	28
20200211	3635	1105	7	218
20200211	3636	33366	1068	2639
20200211	3637	912	1	247
20200211	3639	515	0	93
20200211	3640	804	1	128
20200211	3641	81	1	18
20200211	3642	111	0	19
20200211	3643	53	0	22
20200211	3644	18	0	5
20200211	3645	219	0	32
20200211	3646	487	1	80
20200211	3647	303	1	52
20200211	3648	124	0	30
20200211	3649	417	1	85
20200211	3650	106	2	10
20200211	3652	55	0	3
20200211	3653	153	0	20
20200211	3654	1117	0	270
20200211	3655	18	0	3
20200211	3709	47	0	9
20200211	3714	28	0	3
20200211	3726	33	0	10
20200211	3883	1	0	0
20200211	3939	15	0	6
20200212	3485	1	0	1
20200212	3493	1	0	1
20200212	3563	1	0	1
20200212	3564	11	0	2
20200212	3591	50	1	1
20200212	3607	28	0	9
20200212	3623	10	0	2
20200212	3624	889	4	127
20200212	3625	352	3	56
20200212	3626	518	3	102
20200212	3627	272	0	53
20200212	3628	87	2	31
20200212	3629	1219	1	275
20200212	3630	222	1	32
20200212	3631	133	1	18
20200212	3632	157	4	27
20200212	3633	251	2	54
20200212	3634	378	8	31
20200212	3635	1135	8	246
20200212	3636	33366	1068	2686
20200212	3637	946	2	304
20200212	3638	60	0	6
20200212	3639	543	0	125
20200212	3640	844	1	152
20200212	3641	83	1	22
20200212	3642	116	1	20
20200212	3643	58	0	24
20200212	3644	18	0	9
20200212	3645	225	0	43
20200212	3646	497	2	92
20200212	3647	311	1	57
20200212	3648	126	0	33
20200212	3649	436	1	92
20200212	3650	112	2	11
20200212	3651	1	0	1
20200212	3652	59	0	3
20200212	3653	154	0	26
20200212	3654	1131	0	321
20200212	3668	1	0	1
20200212	3680	175	0	0
20200212	3686	3	1	1
20200212	3697	2	0	2
20200212	3709	50	0	15
20200212	3714	28	0	7
20200212	3733	9	0	1
20200212	3735	8	0	1
20200213	3462	4	0	4
20200213	3467	4	0	4
20200213	3577	16	0	1
20200213	3591	53	1	1
20200213	3595	3	0	0
20200213	3607	28	1	9
20200213	3623	10	0	3
20200213	3624	910	5	157
20200213	3625	366	3	69
20200213	3626	529	4	128
20200213	3627	279	0	57
20200213	3628	90	2	39
20200213	3629	1241	2	314
20200213	3630	222	2	33
20200213	3631	135	1	27
20200213	3632	157	4	30
20200213	3633	265	3	68
20200213	3634	395	9	33
20200213	3635	1169	10	296
20200213	3636	48206	1310	3459
20200213	3637	968	2	339
20200213	3638	61	0	6
20200213	3639	570	0	139
20200213	3640	872	1	170
20200213	3641	84	1	24
20200213	3642	117	1	22
20200213	3643	64	0	24
20200213	3644	18	0	11
20200213	3645	229	0	46
20200213	3646	509	2	105
20200213	3647	315	1	62
20200213	3648	126	0	36
20200213	3649	451	1	104
20200213	3650	119	3	21
20200213	3652	63	1	6
20200213	3653	156	0	27
20200213	3654	1145	0	360
20200213	3655	19	0	3
20200213	3709	58	0	15
20200213	3726	33	0	12
20200213	3881	1	0	0
20200213	3883	2	0	0
20200213	3939	16	0	7
20200214	3557	1	0	0
20200214	3591	56	1	1
20200214	3607	29	1	9
20200214	3624	934	6	193
20200214	3625	372	3	80
20200214	3626	537	5	152
20200214	3627	281	0	63
20200214	3629	1261	2	362
20200214	3630	226	2	36
20200214	3631	140	1	28
20200214	3632	159	4	43
20200214	3633	283	3	87
20200214	3634	419	11	47
20200214	3635	1184	11	357
20200214	3636	54406	1457	4774
20200214	3637	988	2	364
20200214	3638	65	0	6
20200214	3639	593	0	157
20200214	3640	900	1	187
20200214	3641	86	1	25
20200214	3642	119	1	29
20200214	3643	67	0	24
20200214	3645	230	0	54
20200214	3646	523	2	136
20200214	3647	318	1	90
20200214	3648	127	0	38
20200214	3649	463	1	114
20200214	3650	120	3	31
20200214	3652	65	1	6
20200214	3653	162	0	36
20200214	3654	1155	0	403
20200214	3680	218	0	0
20200214	3709	67	0	17
20200214	3723	18	0	2
20200215	3564	12	1	4
20200215	3607	43	1	12
20200215	3624	950	6	221
20200215	3625	375	4	98
20200215	3626	544	5	184
20200215	3627	285	0	71
20200215	3628	90	2	49
20200215	3629	1294	2	410
20200215	3630	235	2	44
20200215	3631	143	1	41
20200215	3632	162	4	39
20200215	3633	291	3	101
20200215	3634	425	11	68
20200215	3635	1212	13	391
20200215	3636	56249	1596	5623
20200215	3637	1001	2	425
20200215	3638	68	0	7
20200215	3639	604	0	186
20200215	3640	913	1	210
20200215	3641	88	1	26
20200215	3642	119	1	31
20200215	3643	70	0	33
20200215	3644	18	0	13
20200215	3645	232	0	60
20200215	3646	532	2	156
20200215	3647	326	1	124
20200215	3648	128	0	46
20200215	3649	470	1	119
20200215	3650	122	3	37
20200215	3652	70	1	10
20200215	3653	168	0	42
20200215	3654	1162	0	428
20200215	3655	22	0	7
20200215	3680	285	0	0
20200215	3709	72	0	18
20200215	3714	28	0	9
20200215	3715	2	0	2
20200215	3723	18	0	2
20200215	3735	8	0	3
20200216	3591	57	1	2
20200216	3595	3	0	3
20200216	3607	59	1	12
20200216	3623	10	0	5
20200216	3624	962	6	255
20200216	3625	380	4	108
20200216	3626	551	5	207
20200216	3627	287	0	82
20200216	3628	90	2	54
20200216	3629	1316	2	465
20200216	3630	237	2	49
20200216	3631	144	1	46
20200216	3632	162	4	52
20200216	3633	300	3	105
20200216	3634	445	11	79
20200216	3635	1231	13	440
20200216	3636	58182	1696	6639
20200216	3637	1004	3	464
20200216	3638	70	0	8
20200216	3639	617	0	218
20200216	3640	925	1	240
20200216	3641	89	1	30
20200216	3642	121	1	40
20200216	3645	236	0	71
20200216	3646	537	2	173
20200216	3647	328	1	140
20200216	3648	129	0	50
20200216	3649	481	3	131
20200216	3650	124	3	45
20200216	3652	71	1	12
20200216	3653	171	0	42
20200216	3654	1167	0	456
20200216	3680	355	0	0
20200216	3709	75	0	18
20200216	3714	29	0	9
20200216	3723	20	1	2
20200216	3726	34	0	14
20200216	3733	9	0	8
20200216	3735	9	0	4
20200217	3465	2	0	2
20200217	3476	1	0	1
20200217	3489	5	0	0
20200217	3591	60	1	2
20200217	3607	66	1	12
20200217	3624	973	6	280
20200217	3625	381	4	114
20200217	3626	553	5	225
20200217	3627	290	0	90
20200217	3628	91	2	58
20200217	3629	1322	4	524
20200217	3630	238	2	53
20200217	3631	146	1	57
20200217	3632	163	4	59
20200217	3633	301	3	122
20200217	3634	457	11	85
20200217	3635	1246	16	509
20200217	3636	59989	1789	7862
20200217	3637	1006	3	498
20200217	3638	72	0	8
20200217	3639	626	0	258
20200217	3640	930	1	275
20200217	3641	89	1	34
20200217	3642	121	1	43
20200217	3643	70	0	35
20200217	3645	240	0	79
20200217	3646	541	2	191
20200217	3647	333	1	161
20200217	3648	130	0	53
20200217	3649	495	3	156
20200217	3650	125	3	46
20200217	3652	75	1	12
20200217	3653	171	0	47
20200217	3654	1171	0	507
20200217	3680	454	0	0
20200217	3709	77	0	24
20200217	3714	30	0	10
20200217	3723	22	1	2
20200217	3726	35	0	15
20200218	3577	16	0	12
20200218	3591	62	1	2
20200218	3607	74	1	13
20200218	3624	982	6	361
20200218	3625	387	4	122
20200218	3626	555	5	254
20200218	3627	292	0	93
20200218	3628	91	2	62
20200218	3629	1328	4	565
20200218	3630	242	2	69
20200218	3631	146	2	66
20200218	3632	163	4	79
20200218	3633	306	4	136
20200218	3634	464	11	111
20200218	3635	1257	19	522
20200218	3636	61682	1921	9128
20200218	3637	1007	4	527
20200218	3638	73	0	8
20200218	3639	629	0	280
20200218	3640	933	1	310
20200218	3641	89	1	36
20200218	3642	121	1	53
20200218	3643	70	0	42
20200218	3644	18	0	15
20200218	3645	240	0	89
20200218	3646	543	3	211
20200218	3647	333	1	177
20200218	3648	131	0	61
20200218	3649	508	3	169
20200218	3650	128	3	48
20200218	3652	76	1	12
20200218	3653	172	0	57
20200218	3654	1172	0	535
20200218	3655	22	0	13
20200218	3680	542	0	0
20200218	3709	81	0	29
20200218	3714	31	0	12
20200219	3591	63	2	5
20200219	3597	2	2	0
20200219	3607	84	1	18
20200219	3624	986	6	413
20200219	3625	393	4	145
20200219	3626	560	5	274
20200219	3627	293	0	112
20200219	3628	91	2	65
20200219	3629	1331	5	606
20200219	3630	244	2	86
20200219	3631	146	2	70
20200219	3632	168	4	84
20200219	3633	306	4	152
20200219	3634	470	12	120
20200219	3635	1262	19	573
20200219	3636	62031	2029	10337
20200219	3637	1008	4	561
20200219	3638	75	0	10
20200219	3639	631	0	318
20200219	3640	934	1	362
20200219	3641	90	1	37
20200219	3642	121	1	55
20200219	3643	71	0	42
20200219	3644	18	0	16
20200219	3645	242	0	102
20200219	3646	544	3	231
20200219	3647	333	2	186
20200219	3648	131	0	68
20200219	3649	514	3	188
20200219	3650	130	3	54
20200219	3652	76	1	20
20200219	3653	172	1	60
20200219	3654	1174	0	604
20200219	3655	22	0	15
20200219	3680	621	0	1
20200219	3709	84	0	34
20200219	3723	23	1	2
20200220	3591	68	2	6
20200220	3597	5	2	0
20200220	3607	94	1	18
20200220	3623	10	0	6
20200220	3624	987	6	474
20200220	3625	395	4	153
20200220	3626	567	6	299
20200220	3627	293	1	126
20200220	3628	91	2	71
20200220	3629	1332	5	642
20200220	3630	245	2	90
20200220	3631	146	2	72
20200220	3632	168	4	86
20200220	3633	307	5	169
20200220	3634	476	12	136
20200220	3635	1265	19	637
20200220	3636	62442	2144	11788
20200220	3637	1010	4	634
20200220	3638	75	0	16
20200220	3639	631	0	356
20200220	3640	934	1	433
20200220	3641	91	1	43
20200220	3642	121	1	59
20200220	3643	71	0	44
20200220	3645	245	1	118
20200220	3646	546	4	254
20200220	3647	334	2	199
20200220	3648	132	0	76
20200220	3649	520	3	217
20200220	3650	131	3	59
20200220	3652	76	1	22
20200220	3653	174	2	79
20200220	3654	1175	1	633
20200220	3680	634	2	1
20200220	3714	104	1	16
20200220	3723	24	1	2
20200221	3461	4	0	0
20200221	3464	5	0	1
20200221	3489	6	0	0
20200221	3502	2	0	2
20200221	3557	1	0	0
20200221	3577	16	0	14
20200221	3591	68	2	5
20200221	3597	18	4	0
20200221	3603	1	0	0
20200221	3604	20	1	0
20200221	3607	105	1	22
20200221	3617	1	0	0
20200221	3624	988	6	539
20200221	3625	396	4	169
20200221	3626	572	6	316
20200221	3627	293	1	149
20200221	3628	91	2	76
20200221	3629	1333	5	690
20200221	3630	246	2	97
20200221	3631	146	2	77
20200221	3632	168	4	95
20200221	3633	308	5	184
20200221	3634	479	12	175
20200221	3635	1267	19	736
20200221	3636	62662	2144	11881
20200221	3637	1011	4	661
20200221	3638	75	0	17
20200221	3639	631	0	373
20200221	3640	934	1	489
20200221	3641	91	1	45
20200221	3642	121	1	61
20200221	3643	71	0	48
20200221	3644	18	0	18
20200221	3645	245	1	134
20200221	3646	749	4	281
20200221	3647	334	2	211
20200221	3648	132	0	78
20200221	3649	525	3	231
20200221	3650	132	3	62
20200221	3652	76	1	24
20200221	3653	174	2	96
20200221	3654	1203	1	679
20200221	3709	85	0	37
20200221	3714	204	2	16
20200221	3723	26	1	2
20200221	3726	35	0	17
20200221	3748	11	0	0
20200221	3804	1	0	0
20200221	3821	2	0	0
20200221	3880	1	0	0
20200221	3883	2	0	1
20200221	3887	2	0	1
20200221	3908	5	0	0
20200221	3939	16	0	14
20200222	3461	7	0	0
20200222	3591	69	2	6
20200222	3597	28	5	0
20200222	3603	1	0	0
20200222	3604	62	2	1
20200222	3607	122	1	22
20200222	3616	1	0	0
20200222	3624	989	6	597
20200222	3625	399	4	178
20200222	3626	573	6	328
20200222	3627	293	1	162
20200222	3629	1339	5	728
20200222	3630	249	2	104
20200222	3631	146	2	90
20200222	3632	168	4	104
20200222	3633	309	6	203
20200222	3634	479	12	204
20200222	3635	1270	19	830
20200222	3636	64084	2346	15299
20200222	3637	1013	4	692
20200222	3638	75	0	26
20200222	3639	631	0	401
20200222	3640	934	1	555
20200222	3641	91	1	52
20200222	3642	121	1	66
20200222	3645	245	1	149
20200222	3646	750	4	302
20200222	3647	335	3	227
20200222	3648	132	0	81
20200222	3649	526	3	250
20200222	3650	135	3	65
20200222	3652	76	2	25
20200222	3653	174	2	107
20200222	3654	1205	1	719
20200222	3714	433	2	16
20200222	3735	13	0	4
20200222	3822	2	0	0
20200222	3860	11	0	0
20200222	3909	5	0	0
20200223	3591	74	2	11
20200223	3597	43	8	0
20200223	3600	0	0	0
20200223	3604	155	3	2
20200223	3607	147	1	22
20200223	3624	989	6	637
20200223	3625	399	4	189
20200223	3626	575	6	335
20200223	3627	293	1	170
20200223	3628	91	2	78
20200223	3629	1342	6	755
20200223	3630	249	2	106
20200223	3631	146	2	102
20200223	3632	168	5	106
20200223	3633	311	6	219
20200223	3634	480	12	222
20200223	3635	1271	19	868
20200223	3636	64084	2346	15343
20200223	3637	1016	4	714
20200223	3638	75	0	27
20200223	3639	631	0	418
20200223	3640	934	1	613
20200223	3641	91	1	54
20200223	3642	121	1	73
20200223	3643	71	0	56
20200223	3645	245	1	163
20200223	3646	754	4	321
20200223	3647	335	3	249
20200223	3648	132	0	88
20200223	3649	526	3	261
20200223	3650	135	3	81
20200223	3652	76	2	28
20200223	3653	174	2	115
20200223	3654	1205	1	760
20200223	3680	691	3	0
20200223	3709	89	0	51
20200223	3714	602	6	18
20200223	3723	28	1	2
20200223	3726	35	0	21
20200224	3451	1	0	0
20200224	3472	1	0	0
20200224	3502	3	0	2
20200224	3591	79	2	19
20200224	3597	61	12	0
20200224	3599	1	0	0
20200224	3604	229	7	1
20200224	3607	159	1	22
20200224	3614	1	0	0
20200224	3624	989	6	663
20200224	3625	399	4	198
20200224	3626	576	6	349
20200224	3627	293	1	183
20200224	3628	91	2	80
20200224	3629	1345	6	786
20200224	3630	251	2	112
20200224	3632	168	5	116
20200224	3633	311	6	234
20200224	3634	480	12	227
20200224	3635	1271	19	943
20200224	3636	64287	2495	16748
20200224	3637	1016	4	731
20200224	3638	75	0	34
20200224	3639	631	0	452
20200224	3640	934	1	645
20200224	3641	93	1	60
20200224	3642	121	1	80
20200224	3643	71	0	58
20200224	3645	245	1	173
20200224	3646	755	5	343
20200224	3647	335	3	261
20200224	3648	133	0	94
20200224	3649	527	3	276
20200224	3650	135	3	87
20200224	3652	76	2	30
20200224	3653	174	2	124
20200224	3654	1205	1	782
20200224	3655	22	0	18
20200224	3678	2	0	0
20200224	3714	833	8	18
20200224	3723	30	1	5
20200224	3733	13	0	8
20200224	3822	0	0	0
20200224	3860	0	0	0
20200224	3909	0	0	0
20200224	3913	36	0	0
20200225	3453	1	0	0
20200225	3470	2	0	0
20200225	3472	23	0	0
20200225	3489	7	0	0
20200225	3545	1	0	0
20200225	3564	14	1	11
20200225	3577	17	0	14
20200225	3591	84	2	19
20200225	3597	95	16	0
20200225	3604	322	10	1
20200225	3607	170	1	22
20200225	3614	11	0	0
20200225	3623	10	0	7
20200225	3624	989	6	712
20200225	3625	400	4	215
20200225	3626	576	6	372
20200225	3627	294	1	199
20200225	3629	1347	7	822
20200225	3630	252	2	134
20200225	3631	146	2	104
20200225	3632	168	5	124
20200225	3633	311	6	248
20200225	3634	480	12	243
20200225	3635	1271	19	1002
20200225	3636	64786	2563	18971
20200225	3637	1016	4	768
20200225	3638	75	0	35
20200225	3639	631	0	458
20200225	3640	934	1	683
20200225	3641	93	1	63
20200225	3642	121	1	83
20200225	3643	71	0	61
20200225	3645	245	1	186
20200225	3646	756	6	355
20200225	3647	336	3	268
20200225	3648	133	0	98
20200225	3649	529	3	289
20200225	3650	135	3	91
20200225	3653	174	2	129
20200225	3654	1205	1	808
20200225	3678	2	0	0
20200225	3709	91	0	53
20200225	3714	977	10	22
20200225	3715	6	0	2
20200225	3721	1	0	0
20200225	3723	31	1	5
20200225	3726	37	0	22
20200225	3905	1	0	1
20200225	3913	36	0	0
20200225	3939	16	0	16
20200226	3469	2	0	0
20200226	3472	33	0	0
20200226	3481	1	0	0
20200226	3545	3	0	0
20200226	3563	2	0	1
20200226	3564	18	2	11
20200226	3576	1	0	0
20200226	3577	27	0	15
20200226	3581	1	0	0
20200226	3591	91	2	24
20200226	3597	139	19	49
20200226	3599	5	0	0
20200226	3602	2	0	0
20200226	3604	453	12	3
20200226	3607	189	2	22
20200226	3614	26	0	0
20200226	3616	2	0	0
20200226	3624	989	6	744
20200226	3625	400	4	235
20200226	3626	576	6	384
20200226	3627	294	1	218
20200226	3628	91	2	81
20200226	3629	1347	7	851
20200226	3630	252	2	147
20200226	3632	168	5	129
20200226	3633	312	6	261
20200226	3634	480	12	249
20200226	3635	1271	19	1033
20200226	3636	65187	2615	20969
20200226	3637	1016	4	783
20200226	3638	75	0	38
20200226	3639	631	0	478
20200226	3640	934	1	719
20200226	3641	93	1	65
20200226	3642	121	1	88
20200226	3643	71	0	65
20200226	3645	245	1	192
20200226	3646	756	6	377
20200226	3647	337	3	272
20200226	3648	133	0	104
20200226	3649	531	3	307
20200226	3650	135	3	96
20200226	3652	76	2	34
20200226	3653	174	2	144
20200226	3654	1205	1	867
20200226	3675	1	0	0
20200226	3676	1	0	0
20200226	3678	4	0	0
20200226	3680	705	4	10
20200226	3681	2	0	0
20200226	3696	1	0	0
20200226	3709	93	0	62
20200226	3714	1261	12	22
20200226	3715	13	0	2
20200226	3720	2	0	0
20200226	3723	32	1	5
20200226	3726	40	0	22
20200226	3913	42	0	0
20200227	3461	8	0	0
20200227	3469	3	0	0
20200227	3489	7	0	3
20200227	3502	5	0	2
20200227	3552	1	0	0
20200227	3559	1	0	0
20200227	3564	38	2	11
20200227	3576	1	0	0
20200227	3577	46	0	16
20200227	3581	3	0	0
20200227	3591	92	2	24
20200227	3597	245	26	49
20200227	3599	7	0	0
20200227	3602	3	0	1
20200227	3604	655	17	45
20200227	3607	214	4	22
20200227	3614	43	0	0
20200227	3623	10	0	8
20200227	3624	989	6	792
20200227	3625	410	5	248
20200227	3626	576	6	401
20200227	3627	296	1	228
20200227	3629	1347	7	890
20200227	3630	252	2	161
20200227	3631	146	2	112
20200227	3632	168	5	131
20200227	3633	317	6	274
20200227	3634	480	13	270
20200227	3635	1272	20	1068
20200227	3636	65596	2641	23383
20200227	3637	1017	4	804
20200227	3638	75	0	43
20200227	3639	631	0	498
20200227	3640	934	1	754
20200227	3641	93	1	67
20200227	3642	121	1	93
20200227	3643	72	0	68
20200227	3645	245	1	195
20200227	3646	756	6	387
20200227	3647	337	3	276
20200227	3648	133	0	107
20200227	3649	534	3	321
20200227	3650	136	3	102
20200227	3652	76	2	43
20200227	3653	174	2	150
20200227	3654	1205	1	932
20200227	3655	23	0	18
20200227	3669	1	0	0
20200227	3675	1	0	0
20200227	3676	1	0	0
20200227	3696	1	0	0
20200227	3704	1	0	0
20200227	3714	1766	13	22
20200227	3715	15	0	2
20200227	3720	7	0	0
20200227	3721	8	0	0
20200227	3733	15	0	8
20200227	3880	2	0	0
20200228	3450	1	0	0
20200228	3472	36	0	0
20200228	3475	1	0	0
20200228	3487	1	0	0
20200228	3545	5	0	0
20200228	3557	1	0	1
20200228	3564	57	2	11
20200228	3577	48	0	16
20200228	3581	4	0	0
20200228	3591	94	2	30
20200228	3594	1	0	0
20200228	3597	388	34	73
20200228	3602	4	0	1
20200228	3604	888	21	46
20200228	3607	228	4	22
20200228	3614	45	0	0
20200228	3620	1	0	0
20200228	3624	990	6	821
20200228	3625	410	7	257
20200228	3626	576	6	422
20200228	3627	296	1	235
20200228	3628	91	2	82
20200228	3629	1348	7	935
20200228	3630	252	2	168
20200228	3632	168	5	133
20200228	3633	318	6	277
20200228	3634	480	13	283
20200228	3635	1272	20	1112
20200228	3636	65914	2682	26403
20200228	3637	1017	4	830
20200228	3638	75	0	45
20200228	3639	631	0	515
20200228	3640	935	1	790
20200228	3641	93	1	73
20200228	3645	245	1	199
20200228	3646	756	6	405
20200228	3647	337	3	279
20200228	3648	133	0	112
20200228	3649	538	3	338
20200228	3652	76	3	52
20200228	3653	174	2	156
20200228	3654	1205	1	975
20200228	3661	1	0	0
20200228	3669	1	0	0
20200228	3672	1	0	0
20200228	3673	1	0	0
20200228	3674	1	0	0
20200228	3676	6	0	0
20200228	3680	705	6	10
20200228	3696	3	0	0
20200228	3714	2337	13	22
20200228	3715	32	0	2
20200228	3723	34	1	6
20200228	3726	41	0	28
20200228	3733	20	0	8
20200228	3735	19	0	5
20200228	3753	1	0	1
20200228	3913	44	0	0
20200229	3461	0	0	0
20200229	3464	9	0	1
20200229	3465	3	0	2
20200229	3467	7	0	4
20200229	3468	2	0	0
20200229	3469	9	0	0
20200229	3472	41	0	0
20200229	3481	2	0	0
20200229	3489	8	0	3
20200229	3502	10	0	2
20200229	3545	6	0	0
20200229	3552	3	0	0
20200229	3563	3	0	1
20200229	3564	100	2	12
20200229	3577	79	0	16
20200229	3591	95	2	33
20200229	3594	1	0	0
20200229	3597	593	43	123
20200229	3599	13	0	0
20200229	3601	1	0	0
20200229	3602	7	0	1
20200229	3604	1128	29	46
20200229	3607	241	5	32
20200229	3616	4	0	0
20200229	3621	1	0	0
20200229	3624	990	6	868
20200229	3625	411	8	271
20200229	3626	576	6	438
20200229	3627	296	1	243
20200229	3629	1349	7	983
20200229	3630	252	2	176
20200229	3632	168	5	148
20200229	3633	318	6	282
20200229	3634	480	13	301
20200229	3635	1272	21	1170
20200229	3636	66337	2727	28993
20200229	3637	1018	4	846
20200229	3638	75	0	49
20200229	3639	631	0	523
20200229	3640	935	1	811
20200229	3641	93	1	75
20200229	3642	121	1	96
20200229	3643	73	0	69
20200229	3645	245	1	207
20200229	3646	756	6	421
20200229	3647	337	3	287
20200229	3648	133	0	114
20200229	3649	538	3	351
20200229	3650	136	3	109
20200229	3652	76	3	62
20200229	3653	174	2	157
20200229	3654	1205	1	1016
20200229	3655	25	0	18
20200229	3661	4	0	0
20200229	3663	1	0	0
20200229	3669	6	0	0
20200229	3676	15	0	0
20200229	3678	6	0	1
20200229	3680	705	6	10
20200229	3681	4	0	0
20200229	3690	1	0	0
20200229	3709	102	0	72
20200229	3714	3150	16	27
20200229	3715	45	0	2
20200229	3720	12	0	0
20200229	3721	18	0	0
20200229	3723	39	1	9
20200229	3726	42	0	28
20200229	3733	23	0	8
20200229	3735	21	0	5
20200229	3870	1	0	0
20200229	3887	3	0	1
20200229	3892	6	1	1
20200229	3895	1	0	0
20200301	3457	1	0	0
20200301	3462	6	0	4
20200301	3468	2	1	0
20200301	3469	14	0	0
20200301	3471	3	0	0
20200301	3472	47	0	0
20200301	3476	2	0	1
20200301	3502	14	0	2
20200301	3545	7	0	0
20200301	3550	3	0	0
20200301	3552	4	0	0
20200301	3555	1	0	0
20200301	3556	6	0	0
20200301	3557	2	0	1
20200301	3563	6	0	1
20200301	3564	130	2	12
20200301	3576	3	0	0
20200301	3577	130	0	16
20200301	3581	7	0	0
20200301	3591	96	2	36
20200301	3594	3	0	0
20200301	3597	978	54	175
20200301	3599	19	0	0
20200301	3601	1	0	0
20200301	3602	10	0	1
20200301	3604	1694	34	83
20200301	3607	256	6	32
20200301	3616	10	0	0
20200301	3621	1	0	0
20200301	3624	990	6	873
20200301	3625	413	8	276
20200301	3626	576	6	450
20200301	3627	296	1	247
20200301	3628	91	2	84
20200301	3629	1349	7	1016
20200301	3630	252	2	181
20200301	3632	168	5	149
20200301	3633	318	6	294
20200301	3634	480	13	342
20200301	3635	1272	22	1198
20200301	3636	66907	2761	31536
20200301	3637	1018	4	866
20200301	3638	75	0	52
20200301	3639	631	0	536
20200301	3640	935	1	831
20200301	3641	93	1	78
20200301	3642	122	1	103
20200301	3645	245	1	208
20200301	3646	758	6	443
20200301	3647	337	3	290
20200301	3648	133	0	116
20200301	3649	538	3	365
20200301	3650	136	3	111
20200301	3652	76	3	64
20200301	3653	174	2	163
20200301	3654	1205	1	1046
20200301	3655	29	0	18
20200301	3661	5	0	0
20200301	3669	10	0	0
20200301	3676	19	0	0
20200301	3690	3	0	0
20200301	3704	1	0	0
20200301	3709	106	0	72
20200301	3714	3736	17	30
20200301	3715	84	0	2
20200301	3720	14	0	0
20200301	3721	27	0	0
20200301	3723	40	1	9
20200301	3726	42	1	28
20200301	3733	36	0	8
20200301	3762	3	0	2
20200301	3872	1	0	0
20200301	3892	9	1	1
20200301	3895	2	0	0
20200302	3453	3	0	0
20200302	3454	1	0	0
20200302	3466	1	0	0
20200302	3467	9	0	4
20200302	3469	18	0	0
20200302	3472	49	0	0
20200302	3476	8	0	1
20200302	3502	17	0	2
20200302	3550	3	0	0
20200302	3555	1	0	0
20200302	3564	191	3	12
20200302	3577	159	0	16
20200302	3591	100	2	36
20200302	3594	6	0	0
20200302	3595	5	0	3
20200302	3596	2	0	0
20200302	3597	1501	66	291
20200302	3599	26	0	0
20200302	3604	2036	52	149
20200302	3607	274	6	32
20200302	3614	56	0	0
20200302	3615	1	0	0
20200302	3616	13	0	0
20200302	3624	990	6	917
20200302	3625	414	8	282
20200302	3626	576	6	469
20200302	3627	296	1	255
20200302	3628	91	2	85
20200302	3629	1350	7	1059
20200302	3630	252	2	192
20200302	3631	146	2	114
20200302	3632	168	5	151
20200302	3633	318	6	296
20200302	3634	480	13	356
20200302	3635	1272	22	1205
20200302	3636	67103	2803	33934
20200302	3637	1018	4	887
20200302	3638	75	0	54
20200302	3639	631	0	543
20200302	3640	935	1	850
20200302	3641	93	1	83
20200302	3643	74	0	69
20200302	3645	245	1	216
20200302	3646	758	6	460
20200302	3647	337	3	292
20200302	3648	133	0	119
20200302	3649	538	3	386
20200302	3652	76	3	66
20200302	3653	174	2	168
20200302	3654	1206	1	1069
20200302	3666	1	0	0
20200302	3669	18	0	0
20200302	3676	25	0	0
20200302	3680	705	6	10
20200302	3688	2	0	0
20200302	3697	3	0	2
20200302	3704	8	0	0
20200302	3705	1	0	0
20200302	3706	1	0	0
20200302	3709	108	0	78
20200302	3714	4335	28	30
20200302	3715	120	0	2
20200302	3720	15	0	0
20200302	3721	42	0	0
20200302	3723	41	1	12
20200302	3726	43	1	31
20200302	3733	40	0	8
20200302	3770	4	0	2
20200302	3791	1	0	0
20200302	3801	1	0	0
20200302	3818	14	5	1
20200302	3851	1	0	0
20200302	3867	1	0	0
20200302	3870	2	0	0
20200302	3872	2	0	0
20200302	3885	1	0	0
20200302	3887	9	0	1
20200302	3890	1	0	0
20200302	3895	4	1	0
20200302	3896	1	0	0
20200302	3912	1	0	0
20200302	3913	45	0	0
20200303	3453	5	0	0
20200303	3456	1	0	0
20200303	3462	13	0	4
20200303	3464	11	0	1
20200303	3469	21	0	0
20200303	3476	13	0	1
20200303	3489	9	0	3
20200303	3502	19	0	2
20200303	3506	1	0	0
20200303	3545	9	0	0
20200303	3550	5	0	0
20200303	3552	6	0	0
20200303	3556	7	0	0
20200303	3559	2	0	0
20200303	3564	204	4	12
20200303	3577	196	0	16
20200303	3591	100	2	37
20200303	3594	11	0	0
20200303	3597	2336	77	291
20200303	3599	32	0	0
20200303	3601	2	0	0
20200303	3602	12	0	1
20200303	3604	2502	79	160
20200303	3607	293	6	43
20200303	3609	1	0	0
20200303	3621	1	0	0
20200303	3623	10	0	9
20200303	3624	990	6	936
20200303	3625	414	8	288
20200303	3626	576	6	490
20200303	3627	296	1	260
20200303	3628	91	2	86
20200303	3629	1350	7	1101
20200303	3630	252	2	202
20200303	3632	168	5	155
20200303	3633	318	6	300
20200303	3634	480	13	366
20200303	3635	1272	22	1231
20200303	3636	67217	2835	36208
20200303	3637	1018	4	906
20200303	3638	75	1	59
20200303	3639	631	0	562
20200303	3640	935	1	870
20200303	3642	125	1	106
20200303	3646	758	6	511
20200303	3647	338	3	294
20200303	3648	133	0	124
20200303	3649	538	3	394
20200303	3650	136	3	124
20200303	3652	76	3	68
20200303	3653	174	2	169
20200303	3654	1213	1	1093
20200303	3655	36	0	22
20200303	3661	5	0	1
20200303	3666	1	0	0
20200303	3669	24	0	0
20200303	3676	32	0	0
20200303	3678	12	0	2
20200303	3680	706	6	10
20200303	3681	5	0	0
20200303	3688	2	0	0
20200303	3690	7	0	0
20200303	3696	3	0	0
20200303	3704	10	1	0
20200303	3706	2	0	0
20200303	3709	110	0	78
20200303	3714	5186	28	30
20200303	3715	165	1	2
20200303	3720	21	0	0
20200303	3721	56	0	2
20200303	3723	42	1	12
20200303	3733	51	0	8
20200303	3734	1	0	0
20200303	3735	27	0	5
20200303	3742	1	0	0
20200303	3751	1	0	0
20200303	3789	2	0	0
20200303	3791	2	0	0
20200303	3801	2	0	0
20200303	3818	21	6	1
20200303	3827	1	0	1
20200303	3830	1	0	0
20200303	3885	2	0	0
20200303	3887	11	0	1
20200303	3895	6	1	0
20200303	3923	1	0	0
20200303	3925	2	0	0
20200303	3930	1	0	0
20200304	3453	12	0	0
20200304	3456	1	0	0
20200304	3462	22	1	4
20200304	3463	1	0	0
20200304	3465	5	0	2
20200304	3467	10	0	4
20200304	3469	29	0	0
20200304	3472	52	0	0
20200304	3475	6	0	0
20200304	3476	23	0	1
20200304	3481	4	0	0
20200304	3489	12	0	3
20200304	3506	1	0	0
20200304	3545	10	0	0
20200304	3550	8	0	0
20200304	3552	10	0	0
20200304	3556	10	0	0
20200304	3562	1	0	0
20200304	3564	285	4	12
20200304	3577	262	0	16
20200304	3580	1	0	0
20200304	3581	9	0	0
20200304	3591	105	2	37
20200304	3593	2	0	0
20200304	3594	26	0	0
20200304	3595	28	0	3
20200304	3597	2922	92	552
20200304	3599	35	2	0
20200304	3601	6	0	0
20200304	3602	15	0	1
20200304	3604	3089	107	276
20200304	3607	331	6	43
20200304	3615	1	0	0
20200304	3616	13	0	1
20200304	3619	1	0	0
20200304	3624	990	6	956
20200304	3625	418	8	297
20200304	3626	576	6	502
20200304	3627	296	1	270
20200304	3628	91	2	87
20200304	3629	1350	7	1133
20200304	3630	252	2	210
20200304	3632	168	5	158
20200304	3633	318	6	301
20200304	3634	480	13	373
20200304	3635	1272	22	1234
20200304	3636	67332	2871	38557
20200304	3637	1018	4	916
20200304	3638	75	1	63
20200304	3639	631	0	577
20200304	3640	935	1	884
20200304	3641	93	1	86
20200304	3643	75	0	69
20200304	3645	245	1	223
20200304	3646	758	6	516
20200304	3647	338	3	298
20200304	3649	538	3	406
20200304	3652	76	3	69
20200304	3654	1213	1	1114
20200304	3655	50	0	22
20200304	3669	38	0	0
20200304	3672	3	0	0
20200304	3676	56	0	0
20200304	3678	15	0	2
20200304	3687	1	0	0
20200304	3688	5	0	0
20200304	3690	8	0	0
20200304	3696	4	0	1
20200304	3700	3	0	0
20200304	3704	16	1	0
20200304	3706	4	0	0
20200304	3714	5621	35	41
20200304	3715	222	2	2
20200304	3720	35	0	0
20200304	3721	90	0	3
20200304	3731	1	0	0
20200304	3733	85	0	8
20200304	3769	1	0	0
20200304	3818	31	9	1
20200304	3824	7	0	0
20200304	3861	3	0	0
20200304	3867	2	1	0
20200304	3895	8	1	0
20200304	3930	10	0	0
20200305	3464	13	0	8
20200305	3467	10	0	7
20200305	3468	3	1	0
20200305	3469	41	0	0
20200305	3471	6	0	0
20200305	3472	55	0	0
20200305	3476	50	0	1
20200305	3480	2	0	0
20200305	3487	2	0	0
20200305	3489	13	0	3
20200305	3502	21	0	2
20200305	3506	4	0	0
20200305	3550	12	0	0
20200305	3556	13	0	0
20200305	3557	3	0	1
20200305	3559	3	0	0
20200305	3563	12	0	1
20200305	3564	377	6	12
20200305	3576	4	0	0
20200305	3577	482	0	16
20200305	3581	31	0	0
20200305	3591	105	2	43
20200305	3593	2	0	0
20200305	3594	34	0	0
20200305	3595	30	0	3
20200305	3597	3513	107	739
20200305	3602	16	0	1
20200305	3604	3858	148	414
20200305	3607	360	6	43
20200305	3614	58	0	0
20200305	3616	16	0	1
20200305	3624	990	6	970
20200305	3626	576	6	512
20200305	3627	296	1	277
20200305	3628	102	2	87
20200305	3629	1351	7	1181
20200305	3630	252	2	214
20200305	3632	168	6	158
20200305	3633	318	6	304
20200305	3634	481	13	379
20200305	3635	1272	22	1239
20200305	3636	67466	2902	40592
20200305	3637	1018	4	938
20200305	3638	75	1	65
20200305	3639	631	0	583
20200305	3640	935	1	901
20200305	3641	93	1	88
20200305	3645	245	1	224
20200305	3646	758	6	578
20200305	3647	339	3	303
20200305	3648	133	0	126
20200305	3649	539	3	425
20200305	3650	136	3	128
20200305	3652	76	3	70
20200305	3654	1215	1	1124
20200305	3666	2	0	0
20200305	3669	82	0	0
20200305	3676	87	0	0
20200305	3678	16	0	2
20200305	3682	4	0	0
20200305	3688	8	0	0
20200305	3696	6	0	1
20200305	3697	4	0	2
20200305	3704	21	1	0
20200305	3705	5	0	0
20200305	3709	117	0	78
20200305	3711	2	0	0
20200305	3713	1	0	0
20200305	3714	6088	35	41
20200305	3715	259	3	2
20200305	3720	94	0	0
20200305	3721	114	1	3
20200305	3723	44	1	12
20200305	3726	47	1	31
20200305	3733	115	1	8
20200305	3735	29	0	5
20200305	3750	2	0	0
20200305	3763	1	0	0
20200305	3770	5	0	2
20200305	3787	1	0	0
20200305	3794	1	0	0
20200305	3797	2	0	0
20200305	3818	51	10	1
20200305	3824	11	0	0
20200305	3851	4	0	0
20200305	3874	1	0	0
20200305	3883	3	0	1
20200305	3884	2	0	0
20200305	3887	20	0	1
20200305	3889	1	0	0
20200305	3895	18	1	0
20200305	3930	18	0	0
20200305	3931	1	0	0
20200306	3453	17	0	0
20200306	3456	2	0	0
20200306	3462	26	1	4
20200306	3463	0	0	0
20200306	3465	7	0	2
20200306	3469	55	0	0
20200306	3472	60	0	4
20200306	3476	109	0	1
20200306	3478	1	0	0
20200306	3481	13	0	0
20200306	3486	1	0	0
20200306	3489	21	0	3
20200306	3490	1	0	0
20200306	3502	24	0	2
20200306	3540	1	0	0
20200306	3543	1	0	0
20200306	3545	11	0	0
20200306	3550	18	0	0
20200306	3552	23	0	1
20200306	3555	2	0	0
20200306	3557	15	0	1
20200306	3559	10	0	0
20200306	3563	15	0	1
20200306	3564	653	9	12
20200306	3577	670	0	17
20200306	3581	45	0	0
20200306	3591	107	2	46
20200306	3594	43	0	0
20200306	3595	31	0	3
20200306	3596	4	0	0
20200306	3597	4747	124	913
20200306	3599	40	3	0
20200306	3601	18	0	0
20200306	3602	21	0	2
20200306	3604	4636	197	523
20200306	3607	420	6	46
20200306	3616	22	0	1
20200306	3621	2	0	0
20200306	3623	10	0	10
20200306	3624	990	6	979
20200306	3625	422	8	299
20200306	3626	576	6	513
20200306	3627	296	1	284
20200306	3628	119	2	87
20200306	3629	1352	7	1216
20200306	3630	252	2	217
20200306	3633	318	6	305
20200306	3634	481	13	396
20200306	3635	1272	22	1244
20200306	3636	67592	2931	42033
20200306	3637	1018	4	955
20200306	3639	631	0	594
20200306	3640	935	1	909
20200306	3641	93	1	90
20200306	3643	75	0	71
20200306	3645	245	1	226
20200306	3646	758	6	618
20200306	3647	342	3	306
20200306	3649	539	3	442
20200306	3652	76	3	71
20200306	3653	174	2	170
20200306	3654	1215	1	1147
20200306	3655	83	0	22
20200306	3661	6	0	1
20200306	3669	128	1	0
20200306	3672	4	0	0
20200306	3675	3	0	0
20200306	3676	108	0	0
20200306	3680	696	6	40
20200306	3681	6	0	0
20200306	3682	16	0	0
20200306	3685	1	0	0
20200306	3686	5	1	1
20200306	3687	5	0	0
20200306	3688	13	0	0
20200306	3696	9	0	1
20200306	3697	13	0	2
20200306	3707	1	0	0
20200306	3709	130	0	78
20200306	3710	1	0	0
20200306	3711	7	0	0
20200306	3713	1	0	0
20200306	3714	6593	42	135
20200306	3715	400	5	2
20200306	3720	101	0	0
20200306	3721	214	1	3
20200306	3723	45	1	12
20200306	3726	48	1	31
20200306	3729	1	0	0
20200306	3733	163	2	8
20200306	3742	2	0	0
20200306	3759	1	0	0
20200306	3769	3	0	0
20200306	3774	1	0	0
20200306	3775	2	0	0
20200306	3779	1	0	0
20200306	3784	1	0	0
20200306	3786	1	0	0
20200306	3797	3	0	0
20200306	3818	58	12	1
20200306	3824	13	0	0
20200306	3830	2	0	0
20200306	3831	1	0	0
20200306	3836	1	0	0
20200306	3841	3	0	0
20200306	3844	1	0	0
20200306	3852	16	0	0
20200306	3856	1	0	0
20200306	3867	5	1	0
20200306	3875	1	0	0
20200306	3895	19	1	0
20200306	3902	3	0	1
20200306	3904	2	0	0
20200306	3915	5	0	0
20200306	3927	1	0	0
20200306	3928	1	0	0
20200306	3930	19	0	0
20200306	3934	1	0	0
20200306	3936	1	0	0
20200307	3456	8	0	0
20200307	3462	28	1	4
20200307	3467	11	0	7
20200307	3469	79	0	0
20200307	3471	9	0	0
20200307	3472	85	0	4
20200307	3476	169	0	1
20200307	3480	3	0	0
20200307	3487	3	0	0
20200307	3489	21	0	4
20200307	3491	1	0	0
20200307	3502	27	0	3
20200307	3540	1	0	0
20200307	3543	1	0	0
20200307	3545	12	0	0
20200307	3550	19	0	0
20200307	3564	949	11	12
20200307	3574	5	0	0
20200307	3577	799	0	18
20200307	3581	46	0	0
20200307	3591	108	2	51
20200307	3593	4	0	0
20200307	3594	50	0	0
20200307	3595	34	0	3
20200307	3597	5823	145	1669
20200307	3599	54	4	0
20200307	3604	5883	233	589
20200307	3607	461	6	76
20200307	3614	61	0	0
20200307	3625	426	8	303
20200307	3626	576	6	526
20200307	3627	296	1	295
20200307	3628	120	2	87
20200307	3629	1352	7	1237
20200307	3630	252	2	218
20200307	3631	146	2	115
20200307	3633	318	6	307
20200307	3634	481	13	403
20200307	3635	1272	22	1244
20200307	3636	67666	2959	43500
20200307	3637	1018	4	960
20200307	3638	75	1	67
20200307	3639	631	0	606
20200307	3640	935	1	916
20200307	3642	125	1	107
20200307	3646	758	6	627
20200307	3647	342	3	313
20200307	3649	539	3	454
20200307	3652	76	3	72
20200307	3654	1215	1	1154
20200307	3655	93	0	23
20200307	3657	3	0	0
20200307	3658	2	0	0
20200307	3669	188	1	0
20200307	3672	5	0	0
20200307	3676	147	0	0
20200307	3682	22	0	0
20200307	3686	6	1	1
20200307	3688	20	0	0
20200307	3696	9	0	3
20200307	3704	23	1	0
20200307	3709	138	0	78
20200307	3714	7041	44	135
20200307	3715	500	10	30
20200307	3720	161	0	0
20200307	3721	268	1	3
20200307	3726	50	1	31
20200307	3729	1	0	0
20200307	3733	206	2	18
20200307	3735	45	0	7
20200307	3744	2	0	0
20200307	3750	4	0	0
20200307	3754	2	0	0
20200307	3757	1	0	0
20200307	3764	1	0	0
20200307	3765	1	0	0
20200307	3770	6	0	2
20200307	3772	1	0	0
20200307	3778	3	0	0
20200307	3781	1	0	0
20200307	3783	2	0	0
20200307	3786	2	0	0
20200307	3787	3	0	0
20200307	3789	3	0	0
20200307	3793	21	0	0
20200307	3797	5	0	0
20200307	3802	1	0	0
20200307	3809	1	0	0
20200307	3811	1	0	0
20200307	3817	1	0	0
20200307	3818	71	15	1
20200307	3820	1	0	0
20200307	3823	2	0	0
20200307	3824	14	0	0
20200307	3826	1	0	0
20200307	3830	3	0	1
20200307	3836	1	0	0
20200307	3843	0	0	0
20200307	3844	4	0	0
20200307	3852	11	0	0
20200307	3865	1	0	0
20200307	3866	2	0	0
20200307	3868	1	0	0
20200307	3871	3	0	0
20200307	3879	2	0	0
20200307	3884	9	0	0
20200307	3886	32	0	1
20200307	3888	1	0	0
20200307	3891	2	0	0
20200307	3895	27	1	0
20200307	3910	1	0	0
20200307	3925	3	0	0
20200307	3930	57	0	0
20200307	3939	18	0	16
20200308	3451	4	0	0
20200308	3453	19	0	0
20200308	3456	12	1	0
20200308	3462	38	3	4
20200308	3464	15	0	8
20200308	3466	2	0	0
20200308	3469	104	0	0
20200308	3473	3	0	0
20200308	3476	200	0	1
20200308	3481	20	0	0
20200308	3483	4	0	0
20200308	3485	2	0	1
20200308	3486	2	0	0
20200308	3487	4	0	0
20200308	3489	27	0	4
20200308	3491	3	0	0
20200308	3502	28	0	3
20200308	3506	8	0	0
20200308	3543	5	0	0
20200308	3550	31	0	0
20200308	3552	35	0	1
20200308	3555	5	0	0
20200308	3556	14	0	0
20200308	3557	49	1	1
20200308	3562	2	0	0
20200308	3563	23	0	1
20200308	3564	1126	19	12
20200308	3576	13	0	0
20200308	3577	1040	0	18
20200308	3581	73	0	0
20200308	3591	114	3	58
20200308	3593	7	0	0
20200308	3595	39	0	3
20200308	3596	6	0	0
20200308	3597	6566	194	2134
20200308	3599	60	6	0
20200308	3601	19	0	0
20200308	3602	39	0	2
20200308	3604	7375	366	622
20200308	3607	502	6	76
20200308	3614	64	0	1
20200308	3615	2	0	0
20200308	3616	32	0	1
20200308	3621	3	0	0
20200308	3624	990	6	984
20200308	3625	428	8	308
20200308	3626	576	6	527
20200308	3628	124	2	87
20200308	3629	1352	7	1256
20200308	3630	252	2	223
20200308	3631	146	2	117
20200308	3632	168	6	159
20200308	3634	481	13	412
20200308	3635	1272	22	1247
20200308	3636	67707	2986	45235
20200308	3637	1018	4	968
20200308	3638	75	1	70
20200308	3639	631	0	612
20200308	3640	935	1	919
20200308	3642	125	1	109
20200308	3645	245	1	227
20200308	3646	758	6	642
20200308	3647	342	3	314
20200308	3649	539	3	464
20200308	3652	76	3	73
20200308	3654	1215	1	1161
20200308	3655	99	0	24
20200308	3656	4	0	0
20200308	3657	3	0	0
20200308	3661	7	0	1
20200308	3662	1	0	0
20200308	3669	265	3	0
20200308	3676	176	0	0
20200308	3681	6	0	1
20200308	3684	1	0	0
20200308	3685	6	0	0
20200308	3686	10	1	1
20200308	3687	11	0	0
20200308	3688	30	0	0
20200308	3690	15	0	0
20200308	3691	21	0	0
20200308	3696	15	0	3
20200308	3697	17	0	3
20200308	3704	36	1	0
20200308	3705	11	0	0
20200308	3706	4	0	1
20200308	3709	150	0	78
20200308	3710	3	0	0
20200308	3711	16	0	0
20200308	3713	3	0	0
20200308	3714	7314	50	118
20200308	3715	673	17	30
20200308	3720	203	0	0
20200308	3721	337	2	3
20200308	3723	45	1	13
20200308	3731	2	0	0
20200308	3733	273	3	18
20200308	3750	4	0	0
20200308	3752	1	0	0
20200308	3763	2	0	0
20200308	3769	12	0	0
20200308	3770	7	0	2
20200308	3771	1	0	0
20200308	3780	1	0	0
20200308	3782	2	0	0
20200308	3783	1	0	0
20200308	3787	6	0	0
20200308	3788	1	0	0
20200308	3791	4	0	0
20200308	3796	1	0	0
20200308	3800	1	0	0
20200308	3803	1	0	0
20200308	3809	2	0	0
20200308	3814	1	0	0
20200308	3818	83	17	1
20200308	3819	1	0	0
20200308	3823	2	1	0
20200308	3824	14	0	0
20200308	3829	1	0	0
20200308	3832	1	0	0
20200308	3836	7	0	0
20200308	3841	4	0	0
20200308	3842	4	0	0
20200308	3844	5	0	0
20200308	3852	12	0	0
20200308	3853	6	0	0
20200308	3858	1	0	0
20200308	3865	4	0	0
20200308	3869	1	0	0
20200308	3877	1	0	0
20200308	3878	2	0	0
20200308	3884	9	0	0
20200308	3886	38	0	1
20200308	3889	1	1	0
20200308	3894	1	0	0
20200308	3895	31	1	0
20200308	3900	1	0	0
20200308	3901	1	0	0
20200308	3902	8	0	1
20200308	3903	1	0	0
20200308	3911	1	0	0
20200308	3914	1	0	0
20200308	3916	1	0	0
20200308	3922	1	0	0
20200308	3925	8	0	0
20200308	3926	2	0	0
20200308	3927	2	0	0
20200308	3930	83	0	0
20200308	3939	30	0	16
20200309	3452	2	0	0
20200309	3453	20	0	0
20200309	3462	48	3	4
20200309	3467	15	0	7
20200309	3468	4	1	0
20200309	3469	131	0	2
20200309	3472	95	0	14
20200309	3475	6	0	1
20200309	3476	239	0	1
20200309	3481	25	0	0
20200309	3482	1	0	0
20200309	3483	4	0	0
20200309	3488	7	0	0
20200309	3489	32	1	4
20200309	3498	34	0	4
20200309	3500	3	0	0
20200309	3543	9	0	0
20200309	3549	2	0	0
20200309	3552	90	0	1
20200309	3556	15	0	0
20200309	3557	55	1	12
20200309	3563	30	0	1
20200309	3564	1209	19	12
20200309	3576	15	0	0
20200309	3577	1176	2	18
20200309	3591	115	3	59
20200309	3593	9	0	0
20200309	3594	58	0	0
20200309	3595	43	0	3
20200309	3596	19	0	0
20200309	3597	7161	237	2394
20200309	3599	60	6	9
20200309	3601	21	0	0
20200309	3604	9172	463	724
20200309	3607	511	17	76
20200309	3615	6	0	0
20200309	3625	428	8	315
20200309	3626	576	6	542
20200309	3628	124	2	88
20200309	3629	1352	8	1260
20200309	3630	252	2	230
20200309	3631	146	2	123
20200309	3634	481	13	430
20200309	3636	67743	3008	46488
20200309	3637	1018	4	979
20200309	3639	631	0	621
20200309	3640	935	1	923
20200309	3641	93	1	91
20200309	3646	758	6	700
20200309	3647	342	3	315
20200309	3648	133	0	127
20200309	3649	539	3	466
20200309	3650	136	3	130
20200309	3654	1215	1	1176
20200309	3655	117	0	24
20200309	3662	1	0	0
20200309	3669	321	3	0
20200309	3673	2	0	0
20200309	3676	205	0	1
20200309	3685	7	0	0
20200309	3686	20	1	1
20200309	3687	16	0	0
20200309	3690	18	0	0
20200309	3700	1	0	0
20200309	3705	15	0	0
20200309	3714	7478	53	118
20200309	3715	1073	28	32
20200309	3717	2	0	0
20200309	3720	248	0	1
20200309	3721	374	2	3
20200309	3723	45	1	15
20200309	3733	321	4	18
20200309	3749	1	0	0
20200309	3754	3	0	0
20200309	3756	1	0	0
20200309	3758	1	0	0
20200309	3760	1	0	0
20200309	3765	3	0	0
20200309	3766	1	0	0
20200309	3779	3	0	0
20200309	3789	5	0	0
20200309	3794	1	1	0
20200309	3797	6	0	0
20200309	3798	2	0	0
20200309	3800	2	0	0
20200309	3802	2	0	0
20200309	3810	1	0	0
20200309	3812	1	0	0
20200309	3813	3	0	0
20200309	3817	4	0	0
20200309	3829	2	0	0
20200309	3842	5	0	0
20200309	3844	17	0	0
20200309	3852	19	0	0
20200309	3861	4	0	0
20200309	3867	7	1	0
20200309	3878	1	0	0
20200309	3879	4	0	0
20200309	3893	1	0	0
20200309	3896	3	0	0
20200309	3899	1	0	0
20200309	3930	98	0	0
20200310	3451	5	0	0
20200310	3452	10	0	0
20200310	3456	17	1	0
20200310	3462	55	2	4
20200310	3463	1	0	0
20200310	3464	18	0	8
20200310	3467	18	0	7
20200310	3468	6	1	0
20200310	3469	182	0	4
20200310	3471	11	0	0
20200310	3472	110	0	22
20200310	3473	3	0	0
20200310	3475	9	0	3
20200310	3476	267	0	1
20200310	3480	5	0	0
20200310	3481	31	0	0
20200310	3482	1	0	0
20200310	3484	1	0	0
20200310	3498	36	0	4
20200310	3500	4	0	0
20200310	3505	1	0	0
20200310	3506	13	0	0
20200310	3540	3	0	0
20200310	3545	14	0	0
20200310	3549	3	0	0
20200310	3550	41	0	0
20200310	3552	262	0	1
20200310	3557	59	1	1
20200310	3559	12	0	0
20200310	3563	40	0	1
20200310	3564	1784	33	12
20200310	3577	1457	2	18
20200310	3580	1	0	1
20200310	3581	89	0	0
20200310	3589	1	0	0
20200310	3592	120	3	65
20200310	3594	69	0	1
20200310	3595	56	0	4
20200310	3596	27	0	2
20200310	3598	8042	291	2731
20200310	3599	71	7	3
20200310	3601	34	0	0
20200310	3602	58	0	4
20200310	3604	10149	631	724
20200310	3607	581	10	101
20200310	3614	69	0	1
20200310	3615	8	0	1
20200310	3616	41	1	1
20200310	3621	5	0	0
20200310	3622	10	0	10
20200310	3625	429	8	320
20200310	3626	576	6	547
20200310	3628	125	2	88
20200310	3629	1353	8	1274
20200310	3630	252	2	234
20200310	3631	146	2	129
20200310	3634	481	13	434
20200310	3636	67760	3024	47743
20200310	3637	1018	4	990
20200310	3639	631	0	627
20200310	3640	935	1	927
20200310	3642	125	1	111
20200310	3645	245	1	227
20200310	3646	758	6	719
20200310	3647	344	3	319
20200310	3648	133	0	131
20200310	3649	539	3	478
20200310	3650	136	3	131
20200310	3654	1215	1	1191
20200310	3655	129	0	24
20200310	3656	6	0	0
20200310	3657	5	0	0
20200310	3661	7	0	4
20200310	3664	1	0	0
20200310	3666	3	1	0
20200310	3668	1	0	1
20200310	3669	382	4	0
20200310	3675	7	0	0
20200310	3676	400	0	1
20200310	3677	25	0	0
20200310	3678	18	0	9
20200310	3681	16	0	1
20200310	3683	1	0	0
20200310	3685	11	0	0
20200310	3686	33	1	2
20200310	3687	22	0	0
20200310	3688	41	0	0
20200310	3690	24	0	0
20200310	3692	7513	54	247
20200310	3693	3	0	0
20200310	3696	25	0	3
20200310	3698	10	0	3
20200310	3702	2	0	0
20200310	3704	51	2	0
20200310	3705	20	0	1
20200310	3707	5	0	0
20200310	3709	160	0	78
20200310	3710	7	0	0
20200310	3711	31	0	0
20200310	3713	7	0	0
20200310	3715	1695	35	32
20200310	3716	1	0	1
20200310	3720	355	0	1
20200310	3721	491	3	3
20200310	3722	47	1	17
20200310	3726	53	1	33
20200310	3731	5	0	0
20200310	3733	382	6	18
20200310	3735	74	0	12
20200310	3745	0	0	0
20200310	3746	6	0	1
20200310	3747	0	0	0
20200310	3755	144	2	2
20200310	3767	15	0	0
20200310	3768	2	0	0
20200310	3773	0	0	0
20200310	3776	46	0	0
20200310	3777	5	0	0
20200310	3785	15	2	0
20200310	3790	17	0	0
20200310	3792	21	0	0
20200310	3799	2	0	0
20200310	3805	0	0	0
20200310	3806	12	0	2
20200310	3807	6	0	0
20200310	3808	8	0	0
20200310	3815	1	0	0
20200310	3816	6	0	0
20200310	3825	1	0	0
20200310	3828	0	0	0
20200310	3833	8	0	0
20200310	3834	92	0	1
20200310	3835	0	0	0
20200310	3837	3	0	0
20200310	3838	0	0	0
20200310	3839	1	0	0
20200310	3840	0	0	0
20200310	3845	3	0	0
20200310	3846	4	0	0
20200310	3847	4	0	0
20200310	3848	15	1	0
20200310	3849	0	0	0
20200310	3850	173	0	0
20200310	3854	7	0	0
20200310	3855	0	0	0
20200310	3857	3	0	0
20200310	3859	2	0	0
20200310	3863	15	0	0
20200310	3864	12	0	0
20200310	3876	3	0	0
20200310	3897	7	0	0
20200310	3898	0	0	0
20200310	3906	7	0	0
20200310	3907	13	0	0
20200310	3917	2	0	0
20200310	3918	1	0	0
20200310	3921	7	0	0
20200310	3924	267	23	1
20200310	3929	0	0	0
20200310	3932	3	0	1
20200310	3933	0	0	0
20200310	3938	31	0	16
20200311	3451	7	0	0
20200311	3452	33	1	0
20200311	3453	26	2	8
20200311	3454	1	0	0
20200311	3455	1	0	0
20200311	3456	31	2	0
20200311	3457	8	0	0
20200311	3458	2	0	0
20200311	3460	1	0	0
20200311	3461	0	0	0
20200311	3462	92	2	4
20200311	3463	1	0	0
20200311	3464	35	0	8
20200311	3465	16	0	3
20200311	3466	5	0	0
20200311	3467	36	0	8
20200311	3468	14	1	0
20200311	3469	246	0	4
20200311	3471	15	1	3
20200311	3472	195	0	35
20200311	3473	3	0	0
20200311	3475	27	0	3
20200311	3476	559	3	1
20200311	3478	1	0	0
20200311	3479	3	0	0
20200311	3480	7	0	0
20200311	3481	38	0	0
20200311	3482	11	0	0
20200311	3483	7	1	0
20200311	3484	2	0	0
20200311	3485	5	0	1
20200311	3486	2	0	0
20200311	3488	19	0	0
20200311	3489	64	1	4
20200311	3492	2	0	0
20200311	3494	4	0	0
20200311	3495	1	0	0
20200311	3498	74	0	4
20200311	3500	8	0	0
20200311	3501	2	0	0
20200311	3503	1	0	0
20200311	3506	23	0	0
20200311	3507	990	6	984
20200311	3508	435	8	326
20200311	3509	576	6	554
20200311	3510	296	1	295
20200311	3511	127	2	88
20200311	3512	1356	8	1282
20200311	3513	252	2	238
20200311	3514	146	2	133
20200311	3515	168	6	159
20200311	3516	318	6	307
20200311	3517	482	13	436
20200311	3518	1273	22	1249
20200311	3519	126	3	65
20200311	3520	67773	3046	49134
20200311	3521	1018	4	995
20200311	3522	75	1	71
20200311	3523	631	0	627
20200311	3524	935	1	932
20200311	3525	93	1	91
20200311	3526	125	1	111
20200311	3527	10	0	10
20200311	3528	75	0	72
20200311	3529	18	0	18
20200311	3530	245	1	232
20200311	3531	760	6	726
20200311	3532	344	3	320
20200311	3533	133	0	131
20200311	3534	539	3	488
20200311	3535	136	3	131
20200311	3536	1	0	1
20200311	3537	76	3	73
20200311	3538	174	2	170
20200311	3539	1215	1	1195
20200311	3540	13	0	0
20200311	3542	1	0	0
20200311	3543	23	0	0
20200311	3544	1	0	0
20200311	3545	19	0	0
20200311	3546	696	7	325
20200311	3547	4	0	0
20200311	3549	14	0	0
20200311	3551	91	0	0
20200311	3553	442	0	1
20200311	3554	2	0	0
20200311	3555	5	0	0
20200311	3556	17	0	0
20200311	3557	60	1	27
20200311	3559	16	0	0
20200311	3561	1	0	0
20200311	3563	155	0	1
20200311	3566	2281	48	12
20200311	3568	3	0	0
20200311	3572	1	0	0
20200311	3573	2	0	0
20200311	3574	5	0	0
20200311	3576	24	0	0
20200311	3577	3675	7	46
20200311	3581	99	1	0
20200311	3583	1	0	0
20200311	3587	1	0	0
20200311	3588	1	1	0
20200311	3589	1	0	0
20200311	3590	2	0	0
20200311	3593	13	0	0
20200311	3594	134	0	1
20200311	3595	62	1	4
20200311	3596	69	4	2
20200311	3597	11364	514	2959
20200311	3599	71	7	15
20200311	3601	43	1	0
20200311	3602	109	0	4
20200311	3604	12462	827	1045
20200311	3606	8	0	0
20200311	3607	639	15	118
20200311	3609	1	0	1
20200311	3610	4	0	0
20200311	3611	1	0	0
20200311	3612	7755	60	288
20200311	3614	80	0	5
20200311	3615	17	0	1
20200311	3616	77	3	1
20200311	3619	1	0	0
20200311	3620	6	0	0
20200311	3621	34	0	0
20200311	3628	0	0	0
20200311	3633	0	0	0
20200311	3655	197	0	26
20200311	3656	9	0	0
20200311	3657	12	0	1
20200311	3658	3	0	0
20200311	3661	8	0	4
20200311	3662	6	0	0
20200311	3663	2	0	0
20200311	3664	1	0	0
20200311	3666	7	1	1
20200311	3668	1	0	1
20200311	3669	804	10	0
20200311	3672	5	0	0
20200311	3673	2	0	0
20200311	3675	14	0	1
20200311	3676	996	0	1
20200311	3677	0	0	0
20200311	3678	19	0	9
20200311	3681	19	0	2
20200311	3683	27	1	0
20200311	3684	6	0	0
20200311	3685	28	0	0
20200311	3686	64	5	2
20200311	3687	31	0	0
20200311	3688	112	0	1
20200311	3690	320	0	0
20200311	3695	1	0	0
20200311	3696	45	0	6
20200311	3697	45	0	3
20200311	3704	62	2	0
20200311	3705	86	0	1
20200311	3706	10	0	1
20200311	3707	35	0	0
20200311	3709	200	0	97
20200311	3710	32	0	0
20200311	3711	141	0	0
20200311	3713	24	0	0
20200311	3715	2277	54	183
20200311	3716	6	0	1
20200311	3718	1	1	0
20200311	3720	814	1	1
20200311	3721	652	4	4
20200311	3724	48	1	17
20200311	3726	75	1	35
20200311	3729	1	0	0
20200311	3731	16	0	0
20200311	3732	5	0	0
20200311	3734	3	1	0
20200311	3735	74	0	17
20200311	3737	2	0	0
20200311	3738	1	0	1
20200311	3739	456	8	18
20200311	3740	798	8	18
20200311	3743	5	0	0
20200311	3745	1	0	0
20200311	3746	9	0	1
20200311	3747	6	0	0
20200311	3755	177	3	2
20200311	3767	34	0	0
20200311	3768	3	0	0
20200311	3773	1	0	0
20200311	3776	46	0	0
20200311	3777	10	0	0
20200311	3785	50	2	0
20200311	3790	42	1	0
20200311	3792	21	0	0
20200311	3799	2	0	0
20200311	3805	1	0	0
20200311	3806	25	0	2
20200311	3807	11	0	0
20200311	3808	17	0	0
20200311	3815	5	1	0
20200311	3816	14	0	0
20200311	3825	36	0	0
20200311	3828	1	0	0
20200311	3833	18	0	0
20200311	3834	95	0	1
20200311	3835	16	0	0
20200311	3837	14	0	0
20200311	3838	1	0	0
20200311	3839	2	0	0
20200311	3840	1	0	0
20200311	3845	5	0	0
20200311	3846	7	0	0
20200311	3847	6	0	0
20200311	3848	29	1	0
20200311	3849	10	0	0
20200311	3850	220	0	0
20200311	3854	17	0	0
20200311	3855	1	0	0
20200311	3857	13	0	0
20200311	3859	2	0	0
20200311	3863	19	0	0
20200311	3864	16	0	0
20200311	3876	14	0	0
20200311	3897	10	0	0
20200311	3898	8	1	0
20200311	3906	9	0	0
20200311	3907	21	0	0
20200311	3917	3	0	0
20200311	3918	2	0	0
20200311	3921	30	0	0
20200311	3924	366	29	1
20200311	3929	0	0	0
20200311	3932	6	0	1
20200311	3933	1	0	0
20200311	3939	38	0	16
20200312	3452	23	1	0
20200312	3453	24	1	8
20200312	3454	1	0	1
20200312	3457	4	0	0
20200312	3469	302	1	4
20200312	3475	12	0	3
20200312	3480	11	0	0
20200312	3481	52	0	0
20200312	3489	46	1	4
20200312	3498	42	0	4
20200312	3500	9	0	0
20200312	3508	435	8	334
20200312	3509	576	6	564
20200312	3512	1356	8	1289
20200312	3513	252	2	241
20200312	3514	146	2	137
20200312	3515	168	6	160
20200312	3516	318	6	308
20200312	3517	482	13	441
20200312	3519	129	3	67
20200312	3520	67781	3056	50318
20200312	3521	1018	4	999
20200312	3523	631	0	629
20200312	3524	935	1	934
20200312	3525	93	1	91
20200312	3526	125	1	112
20200312	3530	245	2	232
20200312	3531	760	6	734
20200312	3532	344	3	321
20200312	3533	133	0	132
20200312	3534	539	3	498
20200312	3535	136	3	132
20200312	3539	1215	1	1197
20200312	3543	22	0	0
20200312	3544	1	0	0
20200312	3547	3	0	0
20200312	3551	94	0	0
20200312	3553	615	0	1
20200312	3557	67	1	27
20200312	3577	2078	3	25
20200312	3588	1	1	0
20200312	3594	103	0	1
20200312	3595	73	1	4
20200312	3597	10075	429	2959
20200312	3599	71	8	15
20200312	3602	131	0	4
20200312	3606	2	0	0
20200312	3607	639	16	118
20200312	3612	7869	66	333
20200312	3614	80	0	5
20200312	3616	61	3	1
20200312	3621	19	0	0
20200312	3661	12	0	4
20200312	3663	2	0	0
20200312	3666	6	1	0
20200312	3676	702	0	1
20200312	3681	20	0	2
20200312	3683	11	1	0
20200312	3685	15	0	0
20200312	3686	52	2	2
20200312	3687	49	1	0
20200312	3696	49	0	6
20200312	3697	28	0	3
20200312	3704	69	3	0
20200312	3705	45	0	1
20200312	3707	19	0	0
20200312	3710	16	0	0
20200312	3711	89	0	0
20200312	3713	17	0	0
20200312	3715	2277	55	183
20200312	3720	599	1	1
20200312	3724	49	1	20
20200312	3726	70	1	34
20200312	3735	85	0	17
20200312	3747	6	0	0
20200312	3755	221	4	6
20200312	3767	45	0	0
20200312	3768	5	0	0
20200312	3785	35	2	0
20200312	3790	31	1	0
20200312	3806	32	0	2
20200312	3807	13	0	0
20200312	3808	16	0	0
20200312	3816	10	0	0
20200312	3825	19	0	0
20200312	3833	12	0	0
20200312	3834	108	0	1
20200312	3837	9	0	0
20200312	3838	1	0	0
20200312	3845	10	0	0
20200312	3846	14	0	0
20200312	3847	6	0	0
20200312	3848	29	1	0
20200312	3849	5	0	0
20200312	3850	328	0	0
20200312	3854	15	0	0
20200312	3855	1	0	0
20200312	3857	5	0	0
20200312	3863	24	0	0
20200312	3864	22	0	0
20200312	3897	12	0	0
20200312	3906	18	0	0
20200312	3907	27	0	0
20200312	3917	5	0	0
20200312	3918	2	0	0
20200312	3921	17	0	0
20200312	3924	442	31	1
20200312	3932	8	0	1
20200312	3933	1	0	0
20200312	3939	39	0	16
20200313	3454	1	0	1
20200313	3455	1	0	0
20200313	3458	2	0	0
20200313	3471	23	1	6
20200313	3473	3	0	0
20200313	3475	27	0	3
20200313	3478	1	0	0
20200313	3481	151	0	0
20200313	3484	3	0	0
20200313	3486	2	0	0
20200313	3500	17	0	0
20200313	3503	1	0	0
20200313	3508	436	8	342
20200313	3509	576	6	566
20200313	3511	127	2	88
20200313	3512	1356	8	1296
20200313	3513	252	2	243
20200313	3514	146	2	140
20200313	3516	318	6	310
20200313	3517	482	13	446
20200313	3519	134	4	77
20200313	3520	67786	3062	51553
20200313	3521	1018	4	1005
20200313	3523	631	0	630
20200313	3525	93	1	91
20200313	3531	760	7	739
20200313	3532	346	3	324
20200313	3533	133	0	133
20200313	3534	539	3	503
20200313	3542	2	0	0
20200313	3544	1	0	0
20200313	3546	696	7	325
20200313	3547	4	0	0
20200313	3561	1	0	0
20200313	3583	3	0	0
20200313	3586	1	0	0
20200313	3587	1	0	0
20200313	3589	1	0	0
20200313	3590	2	0	0
20200313	3606	10	0	0
20200313	3611	3	0	0
20200313	3664	1	0	0
20200313	3668	1	0	1
20200313	3673	2	0	0
20200313	3675	14	0	1
20200313	3678	19	0	9
20200313	3684	6	0	0
20200313	3706	24	0	1
20200313	3729	1	0	0
20200313	3732	5	0	0
20200313	3734	3	1	0
20200313	3735	85	0	17
20200313	3745	1	0	0
20200313	3808	17	0	0
20200313	3816	14	0	0
20200314	3451	11	0	0
20200314	3452	38	1	0
20200314	3453	37	3	12
20200314	3456	34	2	1
20200314	3457	18	0	0
20200314	3460	1	0	0
20200314	3461	0	0	0
20200314	3462	112	2	4
20200314	3463	1	0	0
20200314	3464	46	0	8
20200314	3465	19	0	3
20200314	3466	5	0	0
20200314	3467	49	0	8
20200314	3468	17	1	0
20200314	3469	655	1	6
20200314	3472	210	0	44
20200314	3476	689	4	1
20200314	3479	10	0	0
20200314	3480	18	0	0
20200314	3482	40	0	0
20200314	3483	41	2	0
20200314	3485	7	0	1
20200314	3488	29	0	0
20200314	3489	64	1	4
20200314	3494	4	0	0
20200314	3498	79	0	4
20200314	3501	2	0	0
20200314	3506	61	0	0
20200314	3508	437	8	349
20200314	3509	576	6	569
20200314	3511	129	2	89
20200314	3512	1356	8	1299
20200314	3514	146	2	143
20200314	3517	482	13	447
20200314	3518	1273	22	1250
20200314	3519	140	4	78
20200314	3520	67790	3075	52960
20200314	3521	1018	4	1014
20200314	3526	125	1	113
20200314	3528	75	0	73
20200314	3531	760	7	741
20200314	3532	353	3	324
20200314	3534	539	3	511
20200314	3538	174	2	172
20200314	3539	1227	1	1211
20200314	3540	22	0	0
20200314	3543	26	0	0
20200314	3545	38	0	1
20200314	3548	1	0	0
20200314	3549	26	0	0
20200314	3551	189	0	0
20200314	3553	827	1	1
20200314	3554	9	0	0
20200314	3555	11	0	0
20200314	3556	28	2	0
20200314	3557	109	2	27
20200314	3559	115	0	0
20200314	3560	1	0	0
20200314	3563	225	0	1
20200314	3565	5	0	0
20200314	3566	4469	91	12
20200314	3568	3	0	0
20200314	3570	1	0	0
20200314	3572	1	0	0
20200314	3573	2	0	0
20200314	3575	1	0	0
20200314	3576	30	0	0
20200314	3577	4585	9	46
20200314	3579	3	0	0
20200314	3581	228	3	8
20200314	3585	1	0	0
20200314	3588	1	1	0
20200314	3593	30	0	1
20200314	3594	156	0	1
20200314	3595	102	2	4
20200314	3596	96	5	8
20200314	3597	12729	611	2959
20200314	3599	110	10	26
20200314	3601	129	2	0
20200314	3602	193	0	4
20200314	3604	21157	1441	1966
20200314	3607	773	22	118
20200314	3608	2	0	0
20200314	3609	1	0	1
20200314	3610	6	0	0
20200314	3612	8086	72	510
20200314	3614	104	0	5
20200314	3615	26	0	1
20200314	3616	93	3	1
20200314	3619	4	0	0
20200314	3620	8	0	0
20200314	3621	51	1	0
20200314	3655	238	0	35
20200314	3656	10	0	0
20200314	3657	18	0	1
20200314	3658	9	0	0
20200314	3659	1	0	0
20200314	3661	26	0	4
20200314	3662	23	0	0
20200314	3663	2	0	0
20200314	3666	17	1	1
20200314	3667	2	0	0
20200314	3669	959	12	2
20200314	3672	6	0	0
20200314	3676	1090	3	1
20200314	3681	31	0	2
20200314	3683	36	1	0
20200314	3685	38	0	0
20200314	3686	111	8	2
20200314	3687	103	3	0
20200314	3688	169	0	2
20200314	3690	337	0	4
20200314	3695	6	0	0
20200314	3696	123	0	9
20200314	3697	59	0	8
20200314	3699	1	0	0
20200314	3701	2	0	0
20200314	3703	1	0	0
20200314	3704	80	5	4
20200314	3705	103	0	1
20200314	3707	46	0	0
20200314	3708	2	0	0
20200314	3709	212	0	105
20200314	3710	44	0	0
20200314	3711	181	1	0
20200314	3713	38	0	0
20200314	3715	6391	195	517
20200314	3716	10	0	1
20200314	3718	1	1	0
20200314	3719	1	0	0
20200314	3720	961	2	1
20200314	3721	1359	13	4
20200314	3724	53	1	20
20200314	3726	82	1	35
20200314	3730	2	0	0
20200314	3731	18	0	0
20200314	3738	1	0	1
20200314	3740	1140	21	18
20200314	3741	4	0	0
20200314	3743	6	0	0
20200314	3746	12	0	1
20200314	3747	12	0	0
20200314	3755	340	5	6
20200314	3767	101	1	0
20200314	3768	22	0	0
20200314	3773	7	0	0
20200314	3785	76	3	0
20200314	3790	66	1	0
20200314	3799	4	0	0
20200314	3805	2	0	0
20200314	3806	64	0	2
20200314	3807	16	0	0
20200314	3815	8	1	0
20200314	3825	77	1	0
20200314	3828	3	0	0
20200314	3833	26	0	0
20200314	3834	138	0	1
20200314	3835	25	0	0
20200314	3837	21	0	0
20200314	3838	10	0	0
20200314	3839	4	0	0
20200314	3840	5	0	0
20200314	3845	14	0	0
20200314	3846	24	0	0
20200314	3847	13	0	0
20200314	3848	69	1	0
20200314	3849	10	0	0
20200314	3850	525	2	0
20200314	3854	24	0	0
20200314	3857	26	0	0
20200314	3859	7	0	0
20200314	3863	32	0	0
20200314	3864	66	0	0
20200314	3873	5	0	0
20200314	3876	20	0	0
20200314	3897	28	0	0
20200314	3898	9	1	0
20200314	3906	32	0	0
20200314	3907	57	0	0
20200314	3917	10	0	0
20200314	3918	8	0	0
20200314	3920	1	0	0
20200314	3921	41	1	0
20200314	3924	572	37	1
20200314	3932	27	0	1
20200314	3933	2	0	0
20200314	3937	2	0	0
20200314	3939	53	0	16
20200315	3451	16	0	0
20200315	3452	42	1	0
20200315	3453	48	4	12
20200315	3455	1	0	0
20200315	3456	45	2	1
20200315	3457	26	0	0
20200315	3462	134	2	4
20200315	3464	61	0	8
20200315	3465	20	0	3
20200315	3466	6	0	0
20200315	3467	57	0	8
20200315	3469	860	1	6
20200315	3473	5	0	0
20200315	3476	886	4	1
20200315	3480	24	0	0
20200315	3481	162	0	0
20200315	3482	50	0	0
20200315	3483	51	2	0
20200315	3488	39	0	0
20200315	3489	73	1	4
20200315	3495	2	0	0
20200315	3496	1	0	0
20200315	3498	104	0	4
20200315	3499	1	0	0
20200315	3500	24	0	0
20200315	3504	1	0	0
20200315	3508	442	8	353
20200315	3509	576	6	570
20200315	3511	133	2	91
20200315	3512	1360	8	1304
20200315	3517	482	13	453
20200315	3519	145	4	81
20200315	3520	67794	3085	54288
20200315	3523	631	0	631
20200315	3526	125	1	114
20200315	3534	539	3	516
20200315	3535	136	3	133
20200315	3539	1231	1	1211
20200315	3540	34	0	0
20200315	3541	1	0	0
20200315	3543	27	0	0
20200315	3545	49	0	1
20200315	3551	253	0	0
20200315	3553	864	2	1
20200315	3554	11	0	0
20200315	3557	110	2	21
20200315	3558	1	0	0
20200315	3559	171	0	1
20200315	3560	1	0	0
20200315	3563	244	0	10
20200315	3566	4499	91	12
20200315	3567	7	0	0
20200315	3568	3	0	0
20200315	3577	5795	11	46
20200315	3579	6	0	0
20200315	3581	331	4	8
20200315	3587	1	0	0
20200315	3588	4	1	0
20200315	3590	3	0	0
20200315	3593	32	1	1
20200315	3594	171	5	8
20200315	3595	113	2	13
20200315	3596	117	5	8
20200315	3597	13938	724	4590
20200315	3602	251	0	4
20200315	3609	8	0	1
20200315	3610	9	0	0
20200315	3612	8162	75	510
20200315	3613	2	0	0
20200315	3614	112	0	5
20200315	3615	30	0	1
20200315	3616	110	3	1
20200315	3620	12	0	1
20200315	3621	59	1	0
20200315	3655	428	0	42
20200315	3656	13	0	0
20200315	3657	21	0	1
20200315	3659	1	0	0
20200315	3661	41	0	4
20200315	3666	28	1	1
20200315	3669	1135	20	2
20200315	3672	8	0	0
20200315	3676	1221	3	1
20200315	3678	22	0	9
20200315	3681	53	0	2
20200315	3683	43	1	0
20200315	3685	43	0	0
20200315	3686	140	11	2
20200315	3687	119	3	0
20200315	3688	245	0	2
20200315	3695	7	0	0
20200315	3696	131	0	9
20200315	3697	63	0	8
20200315	3699	1	0	0
20200315	3704	101	5	4
20200315	3708	2	0	0
20200315	3709	226	0	105
20200315	3710	54	0	0
20200315	3711	219	1	0
20200315	3713	51	0	0
20200315	3715	7798	289	517
20200315	3716	18	0	1
20200315	3720	1022	3	1
20200315	3721	2200	14	4
20200315	3724	59	1	20
20200315	3726	114	1	35
20200315	3732	6	0	0
20200315	3735	98	0	23
20200315	3737	3	0	0
20200315	3743	12	0	0
20200315	3747	16	0	0
20200315	3755	426	6	6
20200315	3768	24	0	0
20200315	3777	16	0	0
20200315	3785	115	4	0
20200315	3790	99	1	0
20200315	3795	3	0	0
20200315	3799	6	0	0
20200315	3805	5	0	0
20200315	3806	93	0	2
20200315	3807	20	0	0
20200315	3808	18	0	0
20200315	3816	20	0	0
20200315	3825	91	2	0
20200315	3828	12	0	0
20200315	3833	32	0	0
20200315	3835	33	0	0
20200315	3837	35	0	0
20200315	3839	5	0	0
20200315	3840	7	0	0
20200315	3845	17	0	0
20200315	3848	98	2	0
20200315	3849	13	0	0
20200315	3850	732	3	0
20200315	3854	33	0	0
20200315	3857	37	0	0
20200315	3863	36	1	0
20200315	3907	72	0	0
20200315	3917	28	0	0
20200315	3921	45	1	0
20200315	3924	643	40	1
20200315	3932	32	0	1
20200315	3933	3	0	0
20200315	3935	1	0	0
20200315	3937	10	0	0
20200315	3939	56	0	16
20200316	3451	21	0	1
20200316	3452	51	1	0
20200316	3453	54	4	12
20200316	3454	2	0	1
20200316	3456	56	2	1
20200316	3457	52	0	0
20200316	3460	2	0	0
20200316	3462	171	2	4
20200316	3464	68	0	8
20200316	3465	29	0	3
20200316	3466	7	0	0
20200316	3467	71	0	8
20200316	3468	28	1	0
20200316	3469	1018	3	6
20200316	3471	15	1	6
20200316	3472	214	1	77
20200316	3473	8	0	2
20200316	3475	36	0	3
20200316	3476	1058	5	1
20200316	3477	1	0	0
20200316	3479	11	0	0
20200316	3480	25	0	0
20200316	3481	200	0	1
20200316	3482	54	0	0
20200316	3483	52	2	0
20200316	3484	15	0	0
20200316	3486	4	0	0
20200316	3488	56	0	0
20200316	3489	103	4	4
20200316	3492	2	0	0
20200316	3494	7	0	0
20200316	3495	6	0	0
20200316	3497	5	0	0
20200316	3498	177	0	5
20200316	3500	50	0	0
20200316	3501	7	0	0
20200316	3504	1	0	0
20200316	3506	155	0	0
20200316	3508	452	8	360
20200316	3512	1361	8	1306
20200316	3513	252	2	248
20200316	3514	146	2	144
20200316	3515	168	6	161
20200316	3517	482	13	455
20200316	3519	155	4	84
20200316	3520	67798	3099	55142
20200316	3522	75	1	73
20200316	3525	93	1	92
20200316	3526	125	1	115
20200316	3527	11	0	10
20200316	3528	75	0	75
20200316	3530	245	2	233
20200316	3531	760	7	746
20200316	3532	355	3	325
20200316	3538	176	2	172
20200316	3539	1231	1	1216
20200316	3540	54	0	0
20200316	3541	1	0	0
20200316	3543	35	0	0
20200316	3545	57	0	2
20200316	3549	33	0	0
20200316	3551	298	0	3
20200316	3553	914	3	1
20200316	3554	18	0	0
20200316	3556	37	2	0
20200316	3557	150	2	27
20200316	3559	205	0	1
20200316	3561	5	0	0
20200316	3563	277	0	10
20200316	3566	6633	148	12
20200316	3567	5	0	0
20200316	3569	3	0	0
20200316	3570	1	0	0
20200316	3572	3	0	0
20200316	3574	11	0	0
20200316	3576	33	0	1
20200316	3577	7272	17	67
20200316	3581	331	4	8
20200316	3582	1	0	0
20200316	3583	6	0	0
20200316	3584	3	0	0
20200316	3585	2	1	0
20200316	3590	6	0	0
20200316	3593	39	1	1
20200316	3594	180	0	0
20200316	3595	119	2	13
20200316	3596	134	5	8
20200316	3597	14991	853	4590
20200316	3599	124	10	26
20200316	3601	169	2	0
20200316	3602	255	0	4
20200316	3604	27980	2158	2749
20200316	3606	10	0	2
20200316	3607	825	27	144
20200316	3609	17	0	1
20200316	3610	10	0	0
20200316	3611	3	0	0
20200316	3612	8236	75	1137
20200316	3614	123	0	9
20200316	3615	34	0	1
20200316	3616	99	3	1
20200316	3618	1	0	0
20200316	3620	17	0	1
20200316	3621	77	1	0
20200316	3655	566	0	42
20200316	3657	30	0	2
20200316	3658	15	1	0
20200316	3660	1	0	0
20200316	3661	53	0	4
20200316	3662	23	0	0
20200316	3663	7	0	0
20200316	3666	29	1	1
20200316	3670	1	0	0
20200316	3671	1413	24	2
20200316	3675	18	0	1
20200316	3676	1333	3	1
20200316	3678	22	0	9
20200316	3681	136	0	2
20200316	3683	55	1	0
20200316	3684	8	0	0
20200316	3685	86	0	0
20200316	3686	142	12	2
20200316	3687	177	4	13
20200316	3688	331	0	3
20200316	3689	3	0	0
20200316	3690	439	0	4
20200316	3694	1	0	0
20200316	3695	9	0	0
20200316	3696	158	0	9
20200316	3697	90	0	8
20200316	3699	5	0	0
20200316	3701	2	0	0
20200316	3704	109	7	4
20200316	3705	118	0	2
20200316	3706	24	0	2
20200316	3707	55	0	1
20200316	3708	3	0	0
20200316	3709	243	0	109
20200316	3710	63	0	0
20200316	3711	253	1	0
20200316	3712	1	0	0
20200316	3713	62	0	0
20200316	3715	9942	342	530
20200316	3716	28	0	1
20200316	3720	1103	6	1
20200316	3724	67	1	20
20200316	3725	1	0	0
20200316	3726	147	1	35
20200316	3727	1	0	0
20200316	3730	4	0	0
20200316	3731	20	0	0
20200316	3732	18	0	0
20200316	3734	7	1	0
20200316	3735	98	0	23
20200316	3736	1	1	0
20200316	3737	6	0	0
20200316	3740	1543	55	20
20200316	3741	8	0	0
20200316	3743	29	0	0
20200316	3746	18	0	1
20200316	3747	22	0	0
20200316	3755	557	7	6
20200316	3767	160	1	0
20200316	3768	30	0	0
20200316	3773	8	0	0
20200316	3776	47	0	0
20200316	3777	22	0	0
20200316	3785	155	5	0
20200316	3790	121	1	0
20200316	3792	20	0	0
20200316	3799	7	0	0
20200316	3806	105	0	2
20200316	3807	25	1	0
20200316	3808	23	0	0
20200316	3815	11	1	0
20200316	3816	21	1	1
20200316	3825	136	3	0
20200316	3828	17	0	0
20200316	3833	41	0	3
20200316	3834	197	0	1
20200316	3835	53	0	0
20200316	3837	54	0	0
20200316	3838	13	0	0
20200316	3839	6	0	0
20200316	3845	18	0	0
20200316	3846	45	1	0
20200316	3847	17	0	0
20200316	3848	178	2	1
20200316	3849	17	0	0
20200316	3850	967	10	0
20200316	3854	38	0	0
20200316	3857	50	0	0
20200316	3859	10	0	0
20200316	3863	39	1	0
20200316	3864	77	0	0
20200316	3873	5	0	0
20200316	3876	21	0	0
20200316	3897	33	1	0
20200316	3898	10	1	0
20200316	3906	52	0	0
20200316	3907	85	0	0
20200316	3917	39	0	0
20200316	3918	12	0	0
20200316	3919	1	0	0
20200316	3921	49	1	0
20200316	3924	904	48	1
20200316	3932	47	0	1
20200316	3935	6	0	0
20200316	3937	17	0	0
20200316	3939	61	0	16
20200317	3451	22	0	1
20200317	3452	55	1	0
20200317	3453	60	4	12
20200317	3454	39	0	1
20200317	3456	68	2	3
20200317	3457	78	0	1
20200317	3458	3	0	0
20200317	3462	210	4	4
20200317	3464	78	0	8
20200317	3467	94	0	8
20200317	3468	31	1	0
20200317	3469	1332	3	1
20200317	3471	28	1	6
20200317	3472	228	1	81
20200317	3473	10	0	3
20200317	3474	2	0	0
20200317	3476	1243	10	1
20200317	3480	26	0	2
20200317	3481	321	1	2
20200317	3482	56	0	0
20200317	3483	67	2	0
20200317	3485	33	0	1
20200317	3486	10	0	0
20200317	3488	74	0	0
20200317	3492	8	0	0
20200317	3494	8	0	0
20200317	3495	8	0	0
20200317	3496	3	0	0
20200317	3497	7	0	0
20200317	3498	185	1	5
20200317	3500	74	0	0
20200317	3506	201	0	0
20200317	3508	456	8	369
20200317	3512	1364	8	1307
20200317	3513	253	2	248
20200317	3514	147	2	144
20200317	3517	482	13	456
20200317	3519	162	4	88
20200317	3520	67799	3111	56003
20200317	3526	125	1	120
20200317	3527	12	0	10
20200317	3530	246	3	236
20200317	3531	761	7	746
20200317	3532	358	3	325
20200317	3534	540	3	520
20200317	3539	1232	1	1216
20200317	3540	65	0	1
20200317	3542	3	0	0
20200317	3543	41	0	0
20200317	3544	5	0	1
20200317	3545	65	0	4
20200317	3547	5	0	0
20200317	3549	46	0	0
20200317	3551	396	0	3
20200317	3553	977	4	1
20200317	3554	47	0	0
20200317	3555	21	1	0
20200317	3556	58	2	0
20200317	3557	196	4	32
20200317	3559	225	0	1
20200317	3563	321	0	10
20200317	3566	7652	148	12
20200317	3567	7	0	0
20200317	3569	6	0	0
20200317	3571	9	0	0
20200317	3576	34	0	1
20200317	3577	9257	24	67
20200317	3579	7	0	0
20200317	3581	387	5	8
20200317	3583	18	0	0
20200317	3585	6	1	0
20200317	3586	0	0	0
20200317	3588	7	1	0
20200317	3590	8	0	0
20200317	3593	50	1	2
20200317	3594	220	1	0
20200317	3595	142	3	14
20200317	3596	172	5	8
20200317	3597	16169	988	5389
20200317	3599	154	11	32
20200317	3601	223	2	5
20200317	3602	337	0	11
20200317	3604	31506	2503	2941
20200317	3606	12	0	2
20200317	3607	878	29	144
20200317	3608	0	0	0
20200317	3609	34	0	1
20200317	3610	33	0	0
20200317	3612	8320	81	1407
20200317	3614	130	0	9
20200317	3615	49	0	1
20200317	3616	120	3	3
20200317	3618	1	0	0
20200317	3619	7	0	0
20200317	3620	25	0	1
20200317	3621	140	1	0
20200317	3655	673	2	49
20200317	3657	38	0	2
20200317	3658	16	1	0
20200317	3661	82	0	4
20200317	3662	30	0	1
20200317	3664	5	0	0
20200317	3665	2	0	0
20200317	3666	38	2	1
20200317	3670	3	0	0
20200317	3671	1705	43	2
20200317	3672	12	0	0
20200317	3673	3	0	0
20200317	3675	26	0	1
20200317	3676	1463	3	1
20200317	3678	24	0	9
20200317	3681	236	0	2
20200317	3683	69	1	0
20200317	3684	9	0	0
20200317	3685	117	0	1
20200317	3686	187	12	5
20200317	3687	238	5	13
20200317	3688	448	1	3
20200317	3689	0	0	0
20200317	3694	0	0	0
20200317	3695	9	0	0
20200317	3696	184	0	16
20200317	3697	114	0	8
20200317	3699	7	0	0
20200317	3701	2	0	0
20200317	3705	171	0	6
20200317	3706	26	0	2
20200317	3707	65	0	1
20200317	3708	4	0	0
20200317	3709	266	0	114
20200317	3710	72	0	0
20200317	3711	275	1	0
20200317	3715	11748	533	1028
20200317	3716	44	0	1
20200317	3720	1190	7	1
20200317	3721	2700	27	4
20200317	3724	77	1	22
20200317	3725	1	0	0
20200317	3726	177	1	41
20200317	3728	1	0	0
20200317	3730	5	0	0
20200317	3731	24	0	0
20200317	3732	47	1	0
20200317	3734	14	2	0
20200317	3738	3	0	1
20200317	3740	1950	55	52
20200317	3741	29	0	0
20200317	3743	39	0	0
20200317	3745	3	0	0
20200317	3746	20	0	1
20200317	3755	698	12	6
20200317	3767	160	2	0
20200317	3768	68	0	0
20200317	3773	16	0	0
20200317	3785	216	6	0
20200317	3790	146	1	0
20200317	3792	21	0	0
20200317	3799	10	0	0
20200317	3805	8	0	0
20200317	3806	161	1	2
20200317	3807	30	2	0
20200317	3815	18	1	0
20200317	3816	26	1	1
20200317	3825	196	4	0
20200317	3828	32	0	0
20200317	3833	60	0	3
20200317	3834	218	0	1
20200317	3835	65	0	0
20200317	3837	60	0	0
20200317	3838	21	0	0
20200317	3839	11	0	0
20200317	3840	9	0	0
20200317	3845	21	0	0
20200317	3846	56	1	0
20200317	3847	26	0	0
20200317	3848	267	3	1
20200317	3849	23	0	0
20200317	3850	1706	13	0
20200317	3854	64	0	0
20200317	3855	3	0	0
20200317	3857	67	0	0
20200317	3859	19	0	0
20200317	3863	66	1	0
20200317	3864	112	0	0
20200317	3876	23	0	0
20200317	3897	47	1	0
20200317	3898	11	1	0
20200317	3906	74	0	0
20200317	3907	110	1	0
20200317	3917	51	0	0
20200317	3919	2	0	0
20200317	3921	67	2	0
20200317	3924	1076	55	1
20200317	3929	1	0	0
20200317	3932	72	0	1
20200317	3933	11	0	0
20200317	3935	10	0	0
20200317	3937	33	0	0
20200317	3939	66	0	16
