20200122	3103	0	0	0
20200122	3119	2	0	0
20200122	3135	1	0	0
20200122	3136	1	0	0
20200122	3137	14	0	0
20200122	3138	6	0	0
20200122	3139	1	0	0
20200122	3140	0	0	0
20200122	3141	26	0	0
20200122	3142	2	0	0
20200122	3143	1	0	0
20200122	3144	4	0	0
20200122	3145	1	0	0
20200122	3146	0	0	0
20200122	3147	5	0	0
20200122	3148	444	17	28
20200122	3149	4	0	0
20200122	3150	0	0	0
20200122	3151	1	0	0
20200122	3152	2	0	0
20200122	3153	0	0	0
20200122	3154	2	0	0
20200122	3155	1	0	0
20200122	3156	0	0	0
20200122	3157	0	0	0
20200122	3158	2	0	0
20200122	3159	9	0	0
20200122	3160	1	0	0
20200122	3161	5	0	0
20200122	3162	4	0	0
20200122	3163	0	0	0
20200122	3164	0	0	0
20200122	3165	1	0	0
20200122	3166	10	0	0
20200122	3225	1	0	0
20200122	3234	1	0	0
20200122	3237	2	0	0
20200122	3434	1	0	0
20200123	2973	0	0	0
20200123	2994	0	0	0
20200123	3053	0	0	0
20200123	3103	2	0	0
20200123	3119	1	0	0
20200123	3135	2	0	0
20200123	3136	9	0	0
20200123	3137	22	0	0
20200123	3138	9	0	0
20200123	3139	5	0	0
20200123	3140	2	0	0
20200123	3141	32	0	2
20200123	3142	5	0	0
20200123	3143	3	0	0
20200123	3144	5	0	0
20200123	3145	1	1	0
20200123	3146	2	0	0
20200123	3147	5	0	0
20200123	3148	444	17	28
20200123	3149	9	0	0
20200123	3150	0	0	0
20200123	3151	5	0	0
20200123	3152	7	0	0
20200123	3153	1	0	0
20200123	3154	3	0	0
20200123	3155	1	0	0
20200123	3156	0	0	0
20200123	3157	3	0	0
20200123	3158	6	0	0
20200123	3159	16	0	0
20200123	3160	1	0	0
20200123	3161	8	0	0
20200123	3162	4	0	0
20200123	3163	0	0	0
20200123	3164	2	0	0
20200123	3165	2	0	0
20200123	3166	27	0	0
20200123	3167	0	0	0
20200123	3173	0	0	0
20200123	3197	0	0	0
20200123	3220	1	0	0
20200123	3225	1	0	0
20200123	3234	1	0	0
20200123	3237	3	0	0
20200123	3434	1	0	0
20200123	3449	2	0	0
20200124	3077	2	0	0
20200124	3103	2	0	0
20200124	3119	2	0	0
20200124	3135	2	0	0
20200124	3136	15	0	0
20200124	3137	36	0	1
20200124	3138	27	0	0
20200124	3139	10	0	0
20200124	3140	2	0	0
20200124	3141	53	0	2
20200124	3142	23	0	0
20200124	3143	3	0	0
20200124	3144	8	0	0
20200124	3145	2	1	0
20200124	3146	4	1	0
20200124	3147	9	0	0
20200124	3148	549	24	31
20200124	3149	24	0	0
20200124	3150	1	0	0
20200124	3151	9	0	0
20200124	3152	18	0	0
20200124	3153	3	0	0
20200124	3154	4	0	0
20200124	3155	2	0	0
20200124	3156	0	0	0
20200124	3157	5	0	0
20200124	3158	15	0	0
20200124	3159	20	0	1
20200124	3160	1	0	0
20200124	3161	15	0	0
20200124	3162	8	0	0
20200124	3164	2	0	0
20200124	3165	5	0	0
20200124	3166	43	0	1
20200124	3220	3	0	0
20200124	3225	2	0	0
20200124	3234	3	0	0
20200124	3237	5	0	0
20200124	3271	1	0	0
20200124	3434	1	0	0
20200124	3449	2	0	0
20200125	2973	4	0	0
20200125	3077	3	0	0
20200125	3103	5	0	0
20200125	3119	2	0	0
20200125	3135	2	0	0
20200125	3136	39	0	0
20200125	3137	41	0	2
20200125	3138	57	0	0
20200125	3139	18	0	0
20200125	3140	4	0	0
20200125	3141	78	0	2
20200125	3142	23	0	0
20200125	3143	4	0	0
20200125	3144	19	0	0
20200125	3145	8	1	0
20200125	3146	9	1	0
20200125	3147	32	0	0
20200125	3148	761	40	32
20200125	3149	43	0	0
20200125	3150	7	0	0
20200125	3151	18	0	1
20200125	3152	18	0	0
20200125	3153	4	0	0
20200125	3154	17	0	0
20200125	3155	3	0	0
20200125	3156	1	0	0
20200125	3157	15	0	0
20200125	3158	27	0	0
20200125	3159	33	0	1
20200125	3160	6	0	0
20200125	3161	28	0	0
20200125	3162	10	0	0
20200125	3164	3	0	0
20200125	3165	11	0	0
20200125	3166	62	0	1
20200125	3167	3	0	0
20200125	3179	1	0	0
20200125	3220	3	0	0
20200125	3225	2	0	0
20200125	3234	3	0	0
20200125	3237	7	0	0
20200125	3316	1	0	0
20200125	3434	1	0	0
20200125	3449	2	0	0
20200126	2973	4	0	0
20200126	3011	1	0	0
20200126	3077	3	0	0
20200126	3103	8	0	0
20200126	3119	4	0	1
20200126	3135	5	0	0
20200126	3136	60	0	0
20200126	3137	68	0	2
20200126	3138	75	0	0
20200126	3139	35	0	0
20200126	3140	7	0	0
20200126	3141	111	0	2
20200126	3142	36	0	0
20200126	3143	5	0	0
20200126	3144	22	0	0
20200126	3145	13	1	0
20200126	3146	15	1	0
20200126	3147	83	1	0
20200126	3148	1058	52	42
20200126	3149	69	0	0
20200126	3150	7	0	0
20200126	3151	33	0	1
20200126	3152	36	0	0
20200126	3153	4	0	0
20200126	3154	21	0	0
20200126	3155	4	0	0
20200126	3156	1	0	0
20200126	3157	22	0	0
20200126	3158	46	0	0
20200126	3159	40	1	1
20200126	3160	9	0	0
20200126	3161	44	0	0
20200126	3162	14	0	0
20200126	3164	4	0	0
20200126	3165	16	0	0
20200126	3166	104	0	1
20200126	3167	4	0	0
20200126	3179	1	0	0
20200126	3220	4	0	0
20200126	3225	3	0	0
20200126	3234	4	0	0
20200126	3237	8	0	2
20200126	3256	1	0	0
20200126	3265	2	0	0
20200126	3316	1	0	0
20200126	3434	1	0	0
20200126	3449	2	0	0
20200127	2976	4	0	0
20200127	2981	1	0	0
20200127	2998	1	0	0
20200127	3011	1	0	0
20200127	3077	3	0	0
20200127	3103	8	0	0
20200127	3117	1	0	0
20200127	3119	4	0	1
20200127	3135	6	0	0
20200127	3136	70	0	0
20200127	3137	80	1	2
20200127	3138	110	0	0
20200127	3139	59	0	0
20200127	3140	14	0	0
20200127	3141	151	0	4
20200127	3142	46	0	0
20200127	3143	7	0	0
20200127	3144	33	1	0
20200127	3145	18	1	0
20200127	3146	21	1	0
20200127	3147	128	1	0
20200127	3148	1423	76	45
20200127	3149	100	0	0
20200127	3150	11	0	0
20200127	3151	47	0	1
20200127	3152	72	0	2
20200127	3153	6	0	0
20200127	3154	27	0	0
20200127	3155	7	0	0
20200127	3156	6	0	0
20200127	3157	35	0	0
20200127	3158	75	0	0
20200127	3159	53	1	3
20200127	3160	13	0	0
20200127	3161	69	0	0
20200127	3162	23	0	0
20200127	3164	5	0	0
20200127	3165	26	0	0
20200127	3166	128	0	1
20200127	3167	4	0	0
20200127	3179	1	0	0
20200127	3220	5	0	0
20200127	3225	4	0	0
20200127	3227	1	0	0
20200127	3234	5	0	0
20200127	3237	8	0	2
20200127	3256	1	0	0
20200127	3265	2	0	0
20200127	3316	1	0	0
20200127	3434	1	0	0
20200127	3449	2	0	0
20200128	2976	4	0	0
20200128	2981	1	0	0
20200128	2998	1	0	0
20200128	3002	1	0	0
20200128	3011	1	0	0
20200128	3077	4	0	0
20200128	3090	4	0	0
20200128	3103	8	0	0
20200128	3119	7	0	1
20200128	3135	7	0	0
20200128	3136	106	0	0
20200128	3137	91	1	4
20200128	3138	132	0	0
20200128	3139	80	0	0
20200128	3140	19	0	0
20200128	3141	207	0	4
20200128	3142	51	0	2
20200128	3143	9	0	0
20200128	3144	40	1	0
20200128	3145	33	1	0
20200128	3146	33	1	0
20200128	3147	168	1	0
20200128	3148	3554	125	80
20200128	3149	143	0	0
20200128	3150	15	0	0
20200128	3151	70	0	1
20200128	3152	109	0	3
20200128	3153	8	0	0
20200128	3154	34	0	0
20200128	3155	11	0	0
20200128	3156	6	0	0
20200128	3157	46	0	0
20200128	3158	95	0	0
20200128	3159	66	1	4
20200128	3160	27	0	0
20200128	3161	90	0	0
20200128	3162	24	0	0
20200128	3164	10	0	0
20200128	3165	44	0	0
20200128	3166	173	0	3
20200128	3167	4	0	0
20200128	3179	1	0	0
20200128	3220	7	0	0
20200128	3225	4	0	0
20200128	3227	1	0	0
20200128	3234	8	0	0
20200128	3237	14	0	5
20200128	3256	1	0	0
20200128	3265	2	0	0
20200128	3316	1	0	0
20200128	3434	1	0	0
20200128	3449	2	0	0
20200129	2976	4	0	0
20200129	2981	1	0	0
20200129	2998	1	0	0
20200129	3002	1	0	0
20200129	3011	1	0	0
20200129	3076	1	0	0
20200129	3077	5	0	0
20200129	3090	4	0	0
20200129	3103	10	0	0
20200129	3119	7	0	1
20200129	3135	7	0	0
20200129	3136	152	0	2
20200129	3137	111	1	4
20200129	3138	147	0	1
20200129	3139	84	0	0
20200129	3140	24	0	0
20200129	3141	277	0	5
20200129	3142	58	0	2
20200129	3143	9	0	1
20200129	3144	43	1	0
20200129	3145	48	1	0
20200129	3146	38	1	0
20200129	3147	206	2	1
20200129	3148	3554	125	88
20200129	3149	221	0	0
20200129	3150	16	0	0
20200129	3151	99	0	1
20200129	3152	109	0	3
20200129	3153	9	0	0
20200129	3154	39	0	1
20200129	3155	12	0	0
20200129	3156	6	0	0
20200129	3157	56	0	0
20200129	3158	130	0	1
20200129	3159	96	1	5
20200129	3160	27	0	1
20200129	3161	108	1	1
20200129	3162	27	0	0
20200129	3164	13	0	0
20200129	3165	55	0	0
20200129	3166	296	0	3
20200129	3167	7	0	0
20200129	3179	1	0	0
20200129	3220	7	0	0
20200129	3225	4	0	0
20200129	3227	1	0	0
20200129	3234	8	0	0
20200129	3237	14	0	5
20200129	3245	4	0	0
20200129	3256	1	0	0
20200129	3265	2	0	0
20200129	3316	1	0	0
20200129	3434	1	0	0
20200129	3449	2	0	0
20200130	2976	4	0	2
20200130	2978	3	0	0
20200130	2981	2	0	0
20200130	2998	1	0	0
20200130	3002	1	0	0
20200130	3011	2	0	0
20200130	3076	1	0	0
20200130	3077	5	0	0
20200130	3090	4	0	0
20200130	3103	10	0	0
20200130	3107	1	0	0
20200130	3119	11	0	1
20200130	3135	7	0	0
20200130	3136	200	0	2
20200130	3137	114	1	4
20200130	3138	182	0	1
20200130	3139	101	0	0
20200130	3140	26	0	0
20200130	3141	354	0	10
20200130	3142	78	0	2
20200130	3143	12	0	1
20200130	3144	46	1	1
20200130	3145	65	1	0
20200130	3146	44	2	0
20200130	3147	278	2	2
20200130	3148	4903	162	90
20200130	3149	277	0	2
20200130	3150	19	0	0
20200130	3151	129	0	1
20200130	3152	162	0	5
20200130	3153	14	0	1
20200130	3154	41	0	1
20200130	3155	17	0	0
20200130	3156	8	0	0
20200130	3157	63	0	0
20200130	3158	158	0	1
20200130	3159	112	1	5
20200130	3160	35	0	1
20200130	3161	142	1	1
20200130	3162	31	0	0
20200130	3163	1	0	0
20200130	3164	14	0	0
20200130	3165	70	0	0
20200130	3166	428	0	4
20200130	3167	8	0	0
20200130	3179	1	0	0
20200130	3197	1	0	0
20200130	3220	10	0	0
20200130	3225	4	0	0
20200130	3227	1	0	0
20200130	3234	9	0	0
20200130	3237	14	0	5
20200130	3245	4	0	0
20200130	3256	1	0	0
20200130	3265	2	0	0
20200130	3316	1	0	0
20200130	3434	1	0	0
20200130	3449	2	0	0
20200131	2976	4	0	2
20200131	2978	2	0	0
20200131	2981	3	0	0
20200131	2998	1	0	0
20200131	3002	1	0	0
20200131	3011	2	0	0
20200131	3076	1	0	0
20200131	3077	5	0	0
20200131	3090	5	0	0
20200131	3103	12	0	0
20200131	3107	1	0	0
20200131	3116	2	0	0
20200131	3119	15	0	1
20200131	3135	7	0	0
20200131	3136	237	0	3
20200131	3137	139	1	5
20200131	3138	211	0	1
20200131	3139	120	0	0
20200131	3140	29	0	0
20200131	3141	436	0	11
20200131	3142	87	0	2
20200131	3143	29	0	2
20200131	3144	52	1	1
20200131	3145	82	1	0
20200131	3146	59	2	0
20200131	3147	352	2	3
20200131	3148	5806	204	141
20200131	3149	332	0	2
20200131	3150	20	0	1
20200131	3151	168	0	5
20200131	3152	240	0	7
20200131	3153	14	0	1
20200131	3154	48	0	1
20200131	3155	21	0	0
20200131	3156	8	0	0
20200131	3157	87	0	0
20200131	3158	184	0	2
20200131	3159	135	1	9
20200131	3160	39	0	1
20200131	3161	177	1	1
20200131	3162	32	0	0
20200131	3163	1	0	0
20200131	3164	17	0	0
20200131	3165	83	0	1
20200131	3166	538	0	14
20200131	3167	8	0	0
20200131	3179	1	0	0
20200131	3197	1	0	0
20200131	3208	2	0	0
20200131	3220	13	0	0
20200131	3225	11	0	0
20200131	3227	1	0	0
20200131	3231	1	0	0
20200131	3234	10	0	0
20200131	3237	19	0	5
20200131	3243	2	0	0
20200131	3245	4	0	0
20200131	3256	1	0	0
20200131	3265	2	0	0
20200131	3316	2	0	0
20200131	3434	1	0	0
20200131	3449	2	0	0
20200201	2976	4	0	2
20200201	2978	3	0	0
20200201	2979	1	0	0
20200201	2981	4	0	0
20200201	3002	1	0	0
20200201	3011	3	0	0
20200201	3077	6	0	0
20200201	3089	8	0	0
20200201	3103	13	0	0
20200201	3119	20	0	1
20200201	3136	297	0	5
20200201	3137	168	1	9
20200201	3138	247	1	3
20200201	3139	144	0	0
20200201	3140	40	0	0
20200201	3141	535	0	14
20200201	3142	100	0	2
20200201	3144	62	1	1
20200201	3145	96	1	0
20200201	3146	80	2	2
20200201	3147	422	2	3
20200201	3148	7153	249	168
20200201	3149	389	0	8
20200201	3150	23	0	1
20200201	3151	202	0	6
20200201	3152	286	0	9
20200201	3153	17	0	1
20200201	3154	64	0	1
20200201	3155	26	0	0
20200201	3156	9	0	0
20200201	3157	101	0	0
20200201	3158	206	0	3
20200201	3159	169	1	10
20200201	3160	47	0	1
20200201	3161	207	1	3
20200201	3162	41	0	0
20200201	3163	1	0	0
20200201	3164	18	0	0
20200201	3165	93	0	2
20200201	3166	599	0	21
20200201	3197	1	0	0
20200201	3220	16	0	0
20200201	3225	12	0	0
20200201	3226	1	0	0
20200201	3231	1	0	0
20200201	3243	2	0	0
20200201	3263	1	0	0
20200201	3272	2	0	0
20200201	3334	1	0	0
20200201	3372	1	0	0
20200201	3397	1	0	0
20200201	3402	1	0	0
20200201	3415	1	0	0
20200201	3449	6	0	1
20200202	2978	2	0	0
20200202	2979	2	0	0
20200202	3089	10	0	0
20200202	3103	15	0	0
20200202	3107	2	0	0
20200202	3135	8	0	0
20200202	3136	340	0	7
20200202	3137	191	1	9
20200202	3138	300	2	7
20200202	3139	159	0	0
20200202	3140	51	0	3
20200202	3141	632	0	15
20200202	3142	111	0	2
20200202	3143	38	0	2
20200202	3144	64	1	4
20200202	3145	104	1	3
20200202	3146	95	2	2
20200202	3147	493	2	10
20200202	3148	11177	350	295
20200202	3149	463	0	16
20200202	3150	27	0	1
20200202	3151	236	0	7
20200202	3152	333	0	12
20200202	3153	23	0	1
20200202	3154	70	0	1
20200202	3155	28	0	0
20200202	3156	11	0	0
20200202	3157	116	0	0
20200202	3158	230	0	6
20200202	3159	182	1	10
20200202	3160	66	0	3
20200202	3161	231	1	11
20200202	3162	48	0	1
20200202	3164	21	0	0
20200202	3165	105	0	3
20200202	3166	661	0	32
20200202	3197	2	1	0
20200202	3220	18	0	0
20200202	3225	15	0	0
20200202	3245	5	0	0
20200203	3089	12	0	0
20200203	3107	3	0	0
20200203	3136	408	0	14
20200203	3137	212	1	12
20200203	3138	337	2	9
20200203	3139	179	0	1
20200203	3140	55	0	3
20200203	3141	725	0	21
20200203	3142	127	0	7
20200203	3143	46	0	2
20200203	3144	72	1	4
20200203	3145	113	1	3
20200203	3146	121	2	2
20200203	3147	566	2	16
20200203	3148	13522	414	386
20200203	3149	521	0	22
20200203	3150	34	0	1
20200203	3151	271	0	8
20200203	3152	391	0	18
20200203	3153	31	0	1
20200203	3154	74	0	1
20200203	3155	31	0	1
20200203	3156	13	0	0
20200203	3157	128	0	0
20200203	3158	259	0	7
20200203	3159	203	1	10
20200203	3160	74	0	2
20200203	3161	254	1	14
20200203	3162	60	0	1
20200203	3164	24	0	0
20200203	3165	117	0	5
20200203	3166	724	0	43
20200203	3392	2	0	0
20200203	3397	2	0	0
20200203	3449	8	0	1
20200204	2978	3	0	0
20200204	2989	1	0	0
20200204	3006	1	0	0
20200204	3015	2	0	0
20200204	3103	17	1	0
20200204	3119	22	0	1
20200204	3135	10	0	0
20200204	3136	480	0	20
20200204	3137	228	1	23
20200204	3138	366	2	9
20200204	3139	194	0	3
20200204	3140	57	0	4
20200204	3141	813	0	30
20200204	3142	139	0	10
20200204	3143	58	0	2
20200204	3144	80	1	5
20200204	3145	126	1	4
20200204	3146	155	2	4
20200204	3147	675	2	27
20200204	3148	16678	479	522
20200204	3149	593	0	31
20200204	3150	35	0	1
20200204	3151	308	0	12
20200204	3152	476	0	20
20200204	3153	42	0	1
20200204	3154	81	0	2
20200204	3155	34	0	1
20200204	3156	15	0	0
20200204	3157	142	0	2
20200204	3158	275	0	11
20200204	3159	219	1	12
20200204	3160	81	0	4
20200204	3161	282	1	14
20200204	3162	67	0	2
20200204	3164	29	0	0
20200204	3165	122	0	5
20200204	3166	829	0	62
20200204	3167	10	0	0
20200204	3220	24	0	0
20200204	3225	16	0	0
20200204	3234	11	0	0
20200204	3237	25	0	5
20200205	3002	2	0	0
20200205	3103	21	1	0
20200205	3136	530	0	23
20200205	3137	253	1	24
20200205	3138	389	2	15
20200205	3139	205	0	11
20200205	3140	62	0	6
20200205	3141	895	0	49
20200205	3142	150	0	13
20200205	3143	64	1	9
20200205	3144	99	1	5
20200205	3145	135	1	6
20200205	3146	190	2	7
20200205	3147	764	2	47
20200205	3148	19665	549	633
20200205	3149	661	0	54
20200205	3150	42	0	3
20200205	3151	341	0	23
20200205	3152	548	0	27
20200205	3153	54	0	2
20200205	3154	89	0	4
20200205	3156	17	0	3
20200205	3157	165	0	6
20200205	3158	307	0	15
20200205	3159	243	1	15
20200205	3160	81	0	5
20200205	3161	301	1	24
20200205	3162	69	1	2
20200205	3164	32	0	0
20200205	3165	128	0	5
20200205	3166	895	0	78
20200205	3167	12	0	0
20200205	3220	28	0	0
20200205	3225	19	0	0
20200205	3337	1	0	0
20200206	2976	4	0	2
20200206	2978	4	0	0
20200206	3103	24	1	0
20200206	3119	45	0	1
20200206	3135	10	0	1
20200206	3136	591	0	34
20200206	3137	274	1	31
20200206	3138	411	2	24
20200206	3139	215	0	14
20200206	3141	970	0	69
20200206	3142	168	0	14
20200206	3143	71	1	6
20200206	3144	106	1	8
20200206	3145	157	1	13
20200206	3146	227	3	8
20200206	3147	851	2	56
20200206	3148	22112	618	817
20200206	3149	711	0	81
20200206	3150	46	0	4
20200206	3151	373	0	34
20200206	3152	600	0	37
20200206	3153	59	0	4
20200206	3154	94	0	5
20200206	3155	40	0	1
20200206	3156	18	0	3
20200206	3157	173	0	9
20200206	3158	347	0	27
20200206	3159	257	1	25
20200206	3160	96	0	12
20200206	3161	321	1	31
20200206	3162	79	1	2
20200206	3164	36	0	0
20200206	3165	133	0	7
20200206	3166	954	0	94
20200206	3225	23	0	0
20200206	3234	16	0	1
20200206	3449	10	0	1
20200207	2978	5	0	0
20200207	3002	4	0	0
20200207	3089	13	0	0
20200207	3103	25	1	0
20200207	3116	3	0	0
20200207	3119	25	0	1
20200207	3136	665	0	47
20200207	3137	297	1	33
20200207	3138	426	2	31
20200207	3139	224	0	20
20200207	3140	67	0	9
20200207	3141	1034	1	88
20200207	3142	172	0	17
20200207	3143	81	1	6
20200207	3144	117	2	10
20200207	3145	172	1	22
20200207	3146	277	3	12
20200207	3147	914	3	86
20200207	3148	24953	699	1115
20200207	3149	772	0	112
20200207	3150	50	0	5
20200207	3151	408	0	43
20200207	3152	661	0	45
20200207	3153	65	1	4
20200207	3154	99	0	7
20200207	3155	43	0	5
20200207	3157	184	0	17
20200207	3158	386	0	37
20200207	3159	277	1	30
20200207	3160	104	0	15
20200207	3161	344	1	42
20200207	3162	81	1	2
20200207	3164	39	0	0
20200207	3165	138	0	12
20200207	3166	1006	0	123
20200207	3167	12	0	1
20200207	3190	61	0	0
20200207	3197	3	1	0
20200207	3220	30	0	0
20200207	3225	24	0	1
20200207	3243	3	0	0
20200208	3077	11	0	0
20200208	3103	26	1	0
20200208	3136	733	0	59
20200208	3137	315	2	34
20200208	3138	428	2	39
20200208	3139	239	0	24
20200208	3140	79	1	12
20200208	3141	1095	1	112
20200208	3142	183	0	17
20200208	3143	89	1	7
20200208	3144	124	2	14
20200208	3145	195	1	30
20200208	3146	295	5	13
20200208	3147	981	4	116
20200208	3148	27100	780	1439
20200208	3149	803	1	156
20200208	3150	52	0	5
20200208	3151	439	0	51
20200208	3152	698	0	55
20200208	3153	69	1	4
20200208	3154	105	0	8
20200208	3155	45	0	15
20200208	3157	195	0	20
20200208	3158	416	0	44
20200208	3159	286	1	41
20200208	3160	115	0	21
20200208	3161	364	1	60
20200208	3162	88	1	4
20200208	3164	42	0	0
20200208	3165	138	0	17
20200208	3166	1048	0	175
20200208	3167	16	0	1
20200208	3220	33	0	2
20200208	3227	1	0	1
20200208	3234	17	0	1
20200208	3237	32	0	10
20200208	3245	7	0	0
20200208	3449	13	0	1
20200209	2978	5	0	0
20200209	3089	14	0	0
20200209	3103	29	1	0
20200209	3119	26	0	1
20200209	3136	779	1	72
20200209	3137	326	2	37
20200209	3138	468	2	51
20200209	3139	250	0	35
20200209	3140	83	2	16
20200209	3141	1131	1	141
20200209	3142	195	1	18
20200209	3143	99	1	7
20200209	3144	131	3	19
20200209	3145	206	2	34
20200209	3146	307	6	14
20200209	3147	1033	6	153
20200209	3148	29631	871	1795
20200209	3149	838	1	186
20200209	3150	54	0	5
20200209	3151	468	0	71
20200209	3152	740	0	73
20200209	3153	78	1	12
20200209	3154	107	0	12
20200209	3155	45	0	13
20200209	3157	208	0	25
20200209	3158	444	1	63
20200209	3159	293	1	44
20200209	3160	119	0	25
20200209	3161	386	1	71
20200209	3162	91	1	4
20200209	3164	45	0	0
20200209	3165	141	0	18
20200209	3166	1075	0	201
20200209	3191	64	0	0
20200209	3220	40	0	2
20200209	3225	25	0	3
20200209	3226	2	0	0
20200209	3234	18	0	1
20200209	3272	2	0	2
20200209	3402	1	0	1
20200210	3103	38	1	0
20200210	3119	26	0	4
20200210	3136	830	3	88
20200210	3137	337	2	44
20200210	3138	486	2	66
20200210	3139	261	0	39
20200210	3140	83	2	17
20200210	3141	1159	1	167
20200210	3142	210	1	24
20200210	3143	109	1	10
20200210	3144	138	3	19
20200210	3145	218	2	41
20200210	3146	331	7	30
20200210	3147	1073	6	191
20200210	3148	31728	974	2222
20200210	3149	879	1	208
20200210	3150	58	0	5
20200210	3151	492	0	81
20200210	3152	771	1	105
20200210	3153	80	1	13
20200210	3154	108	0	13
20200210	3155	49	0	13
20200210	3157	213	0	30
20200210	3158	466	1	66
20200210	3159	299	1	48
20200210	3161	405	1	80
20200210	3162	95	1	8
20200210	3164	49	0	0
20200210	3165	149	0	19
20200210	3166	1092	0	242
20200210	3167	18	0	1
20200210	3191	135	0	0
20200210	3220	45	0	2
20200210	3225	27	0	3
20200210	3243	8	0	0
20200210	3245	8	0	0
20200210	3449	14	0	1
20200211	3089	16	0	0
20200211	3103	49	1	0
20200211	3119	26	0	9
20200211	3136	860	4	105
20200211	3137	342	3	48
20200211	3138	505	3	79
20200211	3139	267	0	45
20200211	3140	86	2	24
20200211	3141	1177	1	212
20200211	3142	215	1	33
20200211	3143	127	1	17
20200211	3144	144	3	20
20200211	3145	239	2	48
20200211	3146	360	8	28
20200211	3147	1105	7	218
20200211	3148	33366	1068	2639
20200211	3149	912	1	247
20200211	3151	515	0	93
20200211	3152	804	1	128
20200211	3153	81	1	18
20200211	3154	111	0	19
20200211	3155	53	0	22
20200211	3156	18	0	5
20200211	3157	219	0	32
20200211	3158	487	1	80
20200211	3159	303	1	52
20200211	3160	124	0	30
20200211	3161	417	1	85
20200211	3162	106	2	10
20200211	3164	55	0	3
20200211	3165	153	0	20
20200211	3166	1117	0	270
20200211	3167	18	0	3
20200211	3220	47	0	9
20200211	3225	28	0	3
20200211	3237	33	0	10
20200211	3393	1	0	0
20200211	3449	15	0	6
20200212	2998	1	0	1
20200212	3006	1	0	1
20200212	3076	1	0	1
20200212	3077	11	0	2
20200212	3103	50	1	1
20200212	3119	28	0	9
20200212	3135	10	0	2
20200212	3136	889	4	127
20200212	3137	352	3	56
20200212	3138	518	3	102
20200212	3139	272	0	53
20200212	3140	87	2	31
20200212	3141	1219	1	275
20200212	3142	222	1	32
20200212	3143	133	1	18
20200212	3144	157	4	27
20200212	3145	251	2	54
20200212	3146	378	8	31
20200212	3147	1135	8	246
20200212	3148	33366	1068	2686
20200212	3149	946	2	304
20200212	3150	60	0	6
20200212	3151	543	0	125
20200212	3152	844	1	152
20200212	3153	83	1	22
20200212	3154	116	1	20
20200212	3155	58	0	24
20200212	3156	18	0	9
20200212	3157	225	0	43
20200212	3158	497	2	92
20200212	3159	311	1	57
20200212	3160	126	0	33
20200212	3161	436	1	92
20200212	3162	112	2	11
20200212	3163	1	0	1
20200212	3164	59	0	3
20200212	3165	154	0	26
20200212	3166	1131	0	321
20200212	3179	1	0	1
20200212	3191	175	0	0
20200212	3197	3	1	1
20200212	3208	2	0	2
20200212	3220	50	0	15
20200212	3225	28	0	7
20200212	3243	9	0	1
20200212	3245	8	0	1
20200213	2976	4	0	4
20200213	2981	4	0	4
20200213	3089	16	0	1
20200213	3103	53	1	1
20200213	3107	3	0	0
20200213	3119	28	1	9
20200213	3135	10	0	3
20200213	3136	910	5	157
20200213	3137	366	3	69
20200213	3138	529	4	128
20200213	3139	279	0	57
20200213	3140	90	2	39
20200213	3141	1241	2	314
20200213	3142	222	2	33
20200213	3143	135	1	27
20200213	3144	157	4	30
20200213	3145	265	3	68
20200213	3146	395	9	33
20200213	3147	1169	10	296
20200213	3148	48206	1310	3459
20200213	3149	968	2	339
20200213	3150	61	0	6
20200213	3151	570	0	139
20200213	3152	872	1	170
20200213	3153	84	1	24
20200213	3154	117	1	22
20200213	3155	64	0	24
20200213	3156	18	0	11
20200213	3157	229	0	46
20200213	3158	509	2	105
20200213	3159	315	1	62
20200213	3160	126	0	36
20200213	3161	451	1	104
20200213	3162	119	3	21
20200213	3164	63	1	6
20200213	3165	156	0	27
20200213	3166	1145	0	360
20200213	3167	19	0	3
20200213	3220	58	0	15
20200213	3237	33	0	12
20200213	3391	1	0	0
20200213	3393	2	0	0
20200213	3449	16	0	7
20200214	3070	1	0	0
20200214	3103	56	1	1
20200214	3119	29	1	9
20200214	3136	934	6	193
20200214	3137	372	3	80
20200214	3138	537	5	152
20200214	3139	281	0	63
20200214	3141	1261	2	362
20200214	3142	226	2	36
20200214	3143	140	1	28
20200214	3144	159	4	43
20200214	3145	283	3	87
20200214	3146	419	11	47
20200214	3147	1184	11	357
20200214	3148	54406	1457	4774
20200214	3149	988	2	364
20200214	3150	65	0	6
20200214	3151	593	0	157
20200214	3152	900	1	187
20200214	3153	86	1	25
20200214	3154	119	1	29
20200214	3155	67	0	24
20200214	3157	230	0	54
20200214	3158	523	2	136
20200214	3159	318	1	90
20200214	3160	127	0	38
20200214	3161	463	1	114
20200214	3162	120	3	31
20200214	3164	65	1	6
20200214	3165	162	0	36
20200214	3166	1155	0	403
20200214	3191	218	0	0
20200214	3220	67	0	17
20200214	3234	18	0	2
20200215	3077	12	1	4
20200215	3119	43	1	12
20200215	3136	950	6	221
20200215	3137	375	4	98
20200215	3138	544	5	184
20200215	3139	285	0	71
20200215	3140	90	2	49
20200215	3141	1294	2	410
20200215	3142	235	2	44
20200215	3143	143	1	41
20200215	3144	162	4	39
20200215	3145	291	3	101
20200215	3146	425	11	68
20200215	3147	1212	13	391
20200215	3148	56249	1596	5623
20200215	3149	1001	2	425
20200215	3150	68	0	7
20200215	3151	604	0	186
20200215	3152	913	1	210
20200215	3153	88	1	26
20200215	3154	119	1	31
20200215	3155	70	0	33
20200215	3156	18	0	13
20200215	3157	232	0	60
20200215	3158	532	2	156
20200215	3159	326	1	124
20200215	3160	128	0	46
20200215	3161	470	1	119
20200215	3162	122	3	37
20200215	3164	70	1	10
20200215	3165	168	0	42
20200215	3166	1162	0	428
20200215	3167	22	0	7
20200215	3191	285	0	0
20200215	3220	72	0	18
20200215	3225	28	0	9
20200215	3226	2	0	2
20200215	3234	18	0	2
20200215	3245	8	0	3
20200216	3103	57	1	2
20200216	3107	3	0	3
20200216	3119	59	1	12
20200216	3135	10	0	5
20200216	3136	962	6	255
20200216	3137	380	4	108
20200216	3138	551	5	207
20200216	3139	287	0	82
20200216	3140	90	2	54
20200216	3141	1316	2	465
20200216	3142	237	2	49
20200216	3143	144	1	46
20200216	3144	162	4	52
20200216	3145	300	3	105
20200216	3146	445	11	79
20200216	3147	1231	13	440
20200216	3148	58182	1696	6639
20200216	3149	1004	3	464
20200216	3150	70	0	8
20200216	3151	617	0	218
20200216	3152	925	1	240
20200216	3153	89	1	30
20200216	3154	121	1	40
20200216	3157	236	0	71
20200216	3158	537	2	173
20200216	3159	328	1	140
20200216	3160	129	0	50
20200216	3161	481	3	131
20200216	3162	124	3	45
20200216	3164	71	1	12
20200216	3165	171	0	42
20200216	3166	1167	0	456
20200216	3191	355	0	0
20200216	3220	75	0	18
20200216	3225	29	0	9
20200216	3234	20	1	2
20200216	3237	34	0	14
20200216	3243	9	0	8
20200216	3245	9	0	4
20200217	2979	2	0	2
20200217	2989	1	0	1
20200217	3002	5	0	0
20200217	3103	60	1	2
20200217	3119	66	1	12
20200217	3136	973	6	280
20200217	3137	381	4	114
20200217	3138	553	5	225
20200217	3139	290	0	90
20200217	3140	91	2	58
20200217	3141	1322	4	524
20200217	3142	238	2	53
20200217	3143	146	1	57
20200217	3144	163	4	59
20200217	3145	301	3	122
20200217	3146	457	11	85
20200217	3147	1246	16	509
20200217	3148	59989	1789	7862
20200217	3149	1006	3	498
20200217	3150	72	0	8
20200217	3151	626	0	258
20200217	3152	930	1	275
20200217	3153	89	1	34
20200217	3154	121	1	43
20200217	3155	70	0	35
20200217	3157	240	0	79
20200217	3158	541	2	191
20200217	3159	333	1	161
20200217	3160	130	0	53
20200217	3161	495	3	156
20200217	3162	125	3	46
20200217	3164	75	1	12
20200217	3165	171	0	47
20200217	3166	1171	0	507
20200217	3191	454	0	0
20200217	3220	77	0	24
20200217	3225	30	0	10
20200217	3234	22	1	2
20200217	3237	35	0	15
20200218	3089	16	0	12
20200218	3103	62	1	2
20200218	3119	74	1	13
20200218	3136	982	6	361
20200218	3137	387	4	122
20200218	3138	555	5	254
20200218	3139	292	0	93
20200218	3140	91	2	62
20200218	3141	1328	4	565
20200218	3142	242	2	69
20200218	3143	146	2	66
20200218	3144	163	4	79
20200218	3145	306	4	136
20200218	3146	464	11	111
20200218	3147	1257	19	522
20200218	3148	61682	1921	9128
20200218	3149	1007	4	527
20200218	3150	73	0	8
20200218	3151	629	0	280
20200218	3152	933	1	310
20200218	3153	89	1	36
20200218	3154	121	1	53
20200218	3155	70	0	42
20200218	3156	18	0	15
20200218	3157	240	0	89
20200218	3158	543	3	211
20200218	3159	333	1	177
20200218	3160	131	0	61
20200218	3161	508	3	169
20200218	3162	128	3	48
20200218	3164	76	1	12
20200218	3165	172	0	57
20200218	3166	1172	0	535
20200218	3167	22	0	13
20200218	3191	542	0	0
20200218	3220	81	0	29
20200218	3225	31	0	12
20200219	3103	63	2	5
20200219	3109	2	2	0
20200219	3119	84	1	18
20200219	3136	986	6	413
20200219	3137	393	4	145
20200219	3138	560	5	274
20200219	3139	293	0	112
20200219	3140	91	2	65
20200219	3141	1331	5	606
20200219	3142	244	2	86
20200219	3143	146	2	70
20200219	3144	168	4	84
20200219	3145	306	4	152
20200219	3146	470	12	120
20200219	3147	1262	19	573
20200219	3148	62031	2029	10337
20200219	3149	1008	4	561
20200219	3150	75	0	10
20200219	3151	631	0	318
20200219	3152	934	1	362
20200219	3153	90	1	37
20200219	3154	121	1	55
20200219	3155	71	0	42
20200219	3156	18	0	16
20200219	3157	242	0	102
20200219	3158	544	3	231
20200219	3159	333	2	186
20200219	3160	131	0	68
20200219	3161	514	3	188
20200219	3162	130	3	54
20200219	3164	76	1	20
20200219	3165	172	1	60
20200219	3166	1174	0	604
20200219	3167	22	0	15
20200219	3191	621	0	1
20200219	3220	84	0	34
20200219	3234	23	1	2
20200220	3103	68	2	6
20200220	3109	5	2	0
20200220	3119	94	1	18
20200220	3135	10	0	6
20200220	3136	987	6	474
20200220	3137	395	4	153
20200220	3138	567	6	299
20200220	3139	293	1	126
20200220	3140	91	2	71
20200220	3141	1332	5	642
20200220	3142	245	2	90
20200220	3143	146	2	72
20200220	3144	168	4	86
20200220	3145	307	5	169
20200220	3146	476	12	136
20200220	3147	1265	19	637
20200220	3148	62442	2144	11788
20200220	3149	1010	4	634
20200220	3150	75	0	16
20200220	3151	631	0	356
20200220	3152	934	1	433
20200220	3153	91	1	43
20200220	3154	121	1	59
20200220	3155	71	0	44
20200220	3157	245	1	118
20200220	3158	546	4	254
20200220	3159	334	2	199
20200220	3160	132	0	76
20200220	3161	520	3	217
20200220	3162	131	3	59
20200220	3164	76	1	22
20200220	3165	174	2	79
20200220	3166	1175	1	633
20200220	3191	634	2	1
20200220	3225	104	1	16
20200220	3234	24	1	2
20200221	2975	4	0	0
20200221	2978	5	0	1
20200221	3002	6	0	0
20200221	3015	2	0	2
20200221	3070	1	0	0
20200221	3089	16	0	14
20200221	3103	68	2	5
20200221	3109	18	4	0
20200221	3115	1	0	0
20200221	3116	20	1	0
20200221	3119	105	1	22
20200221	3129	1	0	0
20200221	3136	988	6	539
20200221	3137	396	4	169
20200221	3138	572	6	316
20200221	3139	293	1	149
20200221	3140	91	2	76
20200221	3141	1333	5	690
20200221	3142	246	2	97
20200221	3143	146	2	77
20200221	3144	168	4	95
20200221	3145	308	5	184
20200221	3146	479	12	175
20200221	3147	1267	19	736
20200221	3148	62662	2144	11881
20200221	3149	1011	4	661
20200221	3150	75	0	17
20200221	3151	631	0	373
20200221	3152	934	1	489
20200221	3153	91	1	45
20200221	3154	121	1	61
20200221	3155	71	0	48
20200221	3156	18	0	18
20200221	3157	245	1	134
20200221	3158	749	4	281
20200221	3159	334	2	211
20200221	3160	132	0	78
20200221	3161	525	3	231
20200221	3162	132	3	62
20200221	3164	76	1	24
20200221	3165	174	2	96
20200221	3166	1203	1	679
20200221	3220	85	0	37
20200221	3225	204	2	16
20200221	3234	26	1	2
20200221	3237	35	0	17
20200221	3258	11	0	0
20200221	3314	1	0	0
20200221	3331	2	0	0
20200221	3390	1	0	0
20200221	3393	2	0	1
20200221	3397	2	0	1
20200221	3418	5	0	0
20200221	3449	16	0	14
20200222	2975	7	0	0
20200222	3103	69	2	6
20200222	3109	28	5	0
20200222	3115	1	0	0
20200222	3116	62	2	1
20200222	3119	122	1	22
20200222	3128	1	0	0
20200222	3136	989	6	597
20200222	3137	399	4	178
20200222	3138	573	6	328
20200222	3139	293	1	162
20200222	3141	1339	5	728
20200222	3142	249	2	104
20200222	3143	146	2	90
20200222	3144	168	4	104
20200222	3145	309	6	203
20200222	3146	479	12	204
20200222	3147	1270	19	830
20200222	3148	64084	2346	15299
20200222	3149	1013	4	692
20200222	3150	75	0	26
20200222	3151	631	0	401
20200222	3152	934	1	555
20200222	3153	91	1	52
20200222	3154	121	1	66
20200222	3157	245	1	149
20200222	3158	750	4	302
20200222	3159	335	3	227
20200222	3160	132	0	81
20200222	3161	526	3	250
20200222	3162	135	3	65
20200222	3164	76	2	25
20200222	3165	174	2	107
20200222	3166	1205	1	719
20200222	3225	433	2	16
20200222	3245	13	0	4
20200222	3332	2	0	0
20200222	3370	11	0	0
20200222	3419	5	0	0
20200223	3103	74	2	11
20200223	3109	43	8	0
20200223	3112	0	0	0
20200223	3116	155	3	2
20200223	3119	147	1	22
20200223	3136	989	6	637
20200223	3137	399	4	189
20200223	3138	575	6	335
20200223	3139	293	1	170
20200223	3140	91	2	78
20200223	3141	1342	6	755
20200223	3142	249	2	106
20200223	3143	146	2	102
20200223	3144	168	5	106
20200223	3145	311	6	219
20200223	3146	480	12	222
20200223	3147	1271	19	868
20200223	3148	64084	2346	15343
20200223	3149	1016	4	714
20200223	3150	75	0	27
20200223	3151	631	0	418
20200223	3152	934	1	613
20200223	3153	91	1	54
20200223	3154	121	1	73
20200223	3155	71	0	56
20200223	3157	245	1	163
20200223	3158	754	4	321
20200223	3159	335	3	249
20200223	3160	132	0	88
20200223	3161	526	3	261
20200223	3162	135	3	81
20200223	3164	76	2	28
20200223	3165	174	2	115
20200223	3166	1205	1	760
20200223	3191	691	3	0
20200223	3220	89	0	51
20200223	3225	602	6	18
20200223	3234	28	1	2
20200223	3237	35	0	21
20200224	2965	1	0	0
20200224	2986	1	0	0
20200224	3015	3	0	2
20200224	3103	79	2	19
20200224	3109	61	12	0
20200224	3111	1	0	0
20200224	3116	229	7	1
20200224	3119	159	1	22
20200224	3126	1	0	0
20200224	3136	989	6	663
20200224	3137	399	4	198
20200224	3138	576	6	349
20200224	3139	293	1	183
20200224	3140	91	2	80
20200224	3141	1345	6	786
20200224	3142	251	2	112
20200224	3144	168	5	116
20200224	3145	311	6	234
20200224	3146	480	12	227
20200224	3147	1271	19	943
20200224	3148	64287	2495	16748
20200224	3149	1016	4	731
20200224	3150	75	0	34
20200224	3151	631	0	452
20200224	3152	934	1	645
20200224	3153	93	1	60
20200224	3154	121	1	80
20200224	3155	71	0	58
20200224	3157	245	1	173
20200224	3158	755	5	343
20200224	3159	335	3	261
20200224	3160	133	0	94
20200224	3161	527	3	276
20200224	3162	135	3	87
20200224	3164	76	2	30
20200224	3165	174	2	124
20200224	3166	1205	1	782
20200224	3167	22	0	18
20200224	3189	2	0	0
20200224	3225	833	8	18
20200224	3234	30	1	5
20200224	3243	13	0	8
20200224	3332	0	0	0
20200224	3370	0	0	0
20200224	3419	0	0	0
20200224	3423	36	0	0
20200225	2967	1	0	0
20200225	2984	2	0	0
20200225	2986	23	0	0
20200225	3002	7	0	0
20200225	3058	1	0	0
20200225	3077	14	1	11
20200225	3089	17	0	14
20200225	3103	84	2	19
20200225	3109	95	16	0
20200225	3116	322	10	1
20200225	3119	170	1	22
20200225	3126	11	0	0
20200225	3135	10	0	7
20200225	3136	989	6	712
20200225	3137	400	4	215
20200225	3138	576	6	372
20200225	3139	294	1	199
20200225	3141	1347	7	822
20200225	3142	252	2	134
20200225	3143	146	2	104
20200225	3144	168	5	124
20200225	3145	311	6	248
20200225	3146	480	12	243
20200225	3147	1271	19	1002
20200225	3148	64786	2563	18971
20200225	3149	1016	4	768
20200225	3150	75	0	35
20200225	3151	631	0	458
20200225	3152	934	1	683
20200225	3153	93	1	63
20200225	3154	121	1	83
20200225	3155	71	0	61
20200225	3157	245	1	186
20200225	3158	756	6	355
20200225	3159	336	3	268
20200225	3160	133	0	98
20200225	3161	529	3	289
20200225	3162	135	3	91
20200225	3165	174	2	129
20200225	3166	1205	1	808
20200225	3189	2	0	0
20200225	3220	91	0	53
20200225	3225	977	10	22
20200225	3226	6	0	2
20200225	3232	1	0	0
20200225	3234	31	1	5
20200225	3237	37	0	22
20200225	3415	1	0	1
20200225	3423	36	0	0
20200225	3449	16	0	16
20200226	2983	2	0	0
20200226	2986	33	0	0
20200226	2994	1	0	0
20200226	3058	3	0	0
20200226	3076	2	0	1
20200226	3077	18	2	11
20200226	3088	1	0	0
20200226	3089	27	0	15
20200226	3093	1	0	0
20200226	3103	91	2	24
20200226	3109	139	19	49
20200226	3111	5	0	0
20200226	3114	2	0	0
20200226	3116	453	12	3
20200226	3119	189	2	22
20200226	3126	26	0	0
20200226	3128	2	0	0
20200226	3136	989	6	744
20200226	3137	400	4	235
20200226	3138	576	6	384
20200226	3139	294	1	218
20200226	3140	91	2	81
20200226	3141	1347	7	851
20200226	3142	252	2	147
20200226	3144	168	5	129
20200226	3145	312	6	261
20200226	3146	480	12	249
20200226	3147	1271	19	1033
20200226	3148	65187	2615	20969
20200226	3149	1016	4	783
20200226	3150	75	0	38
20200226	3151	631	0	478
20200226	3152	934	1	719
20200226	3153	93	1	65
20200226	3154	121	1	88
20200226	3155	71	0	65
20200226	3157	245	1	192
20200226	3158	756	6	377
20200226	3159	337	3	272
20200226	3160	133	0	104
20200226	3161	531	3	307
20200226	3162	135	3	96
20200226	3164	76	2	34
20200226	3165	174	2	144
20200226	3166	1205	1	867
20200226	3186	1	0	0
20200226	3187	1	0	0
20200226	3189	4	0	0
20200226	3191	705	4	10
20200226	3192	2	0	0
20200226	3207	1	0	0
20200226	3220	93	0	62
20200226	3225	1261	12	22
20200226	3226	13	0	2
20200226	3231	2	0	0
20200226	3234	32	1	5
20200226	3237	40	0	22
20200226	3423	42	0	0
20200227	2975	8	0	0
20200227	2983	3	0	0
20200227	3002	7	0	3
20200227	3015	5	0	2
20200227	3065	1	0	0
20200227	3072	1	0	0
20200227	3077	38	2	11
20200227	3088	1	0	0
20200227	3089	46	0	16
20200227	3093	3	0	0
20200227	3103	92	2	24
20200227	3109	245	26	49
20200227	3111	7	0	0
20200227	3114	3	0	1
20200227	3116	655	17	45
20200227	3119	214	4	22
20200227	3126	43	0	0
20200227	3135	10	0	8
20200227	3136	989	6	792
20200227	3137	410	5	248
20200227	3138	576	6	401
20200227	3139	296	1	228
20200227	3141	1347	7	890
20200227	3142	252	2	161
20200227	3143	146	2	112
20200227	3144	168	5	131
20200227	3145	317	6	274
20200227	3146	480	13	270
20200227	3147	1272	20	1068
20200227	3148	65596	2641	23383
20200227	3149	1017	4	804
20200227	3150	75	0	43
20200227	3151	631	0	498
20200227	3152	934	1	754
20200227	3153	93	1	67
20200227	3154	121	1	93
20200227	3155	72	0	68
20200227	3157	245	1	195
20200227	3158	756	6	387
20200227	3159	337	3	276
20200227	3160	133	0	107
20200227	3161	534	3	321
20200227	3162	136	3	102
20200227	3164	76	2	43
20200227	3165	174	2	150
20200227	3166	1205	1	932
20200227	3167	23	0	18
20200227	3180	1	0	0
20200227	3186	1	0	0
20200227	3187	1	0	0
20200227	3207	1	0	0
20200227	3215	1	0	0
20200227	3225	1766	13	22
20200227	3226	15	0	2
20200227	3231	7	0	0
20200227	3232	8	0	0
20200227	3243	15	0	8
20200227	3390	2	0	0
20200228	2964	1	0	0
20200228	2986	36	0	0
20200228	2988	1	0	0
20200228	3000	1	0	0
20200228	3058	5	0	0
20200228	3070	1	0	1
20200228	3077	57	2	11
20200228	3089	48	0	16
20200228	3093	4	0	0
20200228	3103	94	2	30
20200228	3106	1	0	0
20200228	3109	388	34	73
20200228	3114	4	0	1
20200228	3116	888	21	46
20200228	3119	228	4	22
20200228	3126	45	0	0
20200228	3132	1	0	0
20200228	3136	990	6	821
20200228	3137	410	7	257
20200228	3138	576	6	422
20200228	3139	296	1	235
20200228	3140	91	2	82
20200228	3141	1348	7	935
20200228	3142	252	2	168
20200228	3144	168	5	133
20200228	3145	318	6	277
20200228	3146	480	13	283
20200228	3147	1272	20	1112
20200228	3148	65914	2682	26403
20200228	3149	1017	4	830
20200228	3150	75	0	45
20200228	3151	631	0	515
20200228	3152	935	1	790
20200228	3153	93	1	73
20200228	3157	245	1	199
20200228	3158	756	6	405
20200228	3159	337	3	279
20200228	3160	133	0	112
20200228	3161	538	3	338
20200228	3164	76	3	52
20200228	3165	174	2	156
20200228	3166	1205	1	975
20200228	3173	1	0	0
20200228	3180	1	0	0
20200228	3183	1	0	0
20200228	3184	1	0	0
20200228	3185	1	0	0
20200228	3187	6	0	0
20200228	3191	705	6	10
20200228	3207	3	0	0
20200228	3225	2337	13	22
20200228	3226	32	0	2
20200228	3234	34	1	6
20200228	3237	41	0	28
20200228	3243	20	0	8
20200228	3245	19	0	5
20200228	3263	1	0	1
20200228	3423	44	0	0
20200229	2975	0	0	0
20200229	2978	9	0	1
20200229	2979	3	0	2
20200229	2981	7	0	4
20200229	2982	2	0	0
20200229	2983	9	0	0
20200229	2986	41	0	0
20200229	2994	2	0	0
20200229	3002	8	0	3
20200229	3015	10	0	2
20200229	3058	6	0	0
20200229	3065	3	0	0
20200229	3076	3	0	1
20200229	3077	100	2	12
20200229	3089	79	0	16
20200229	3103	95	2	33
20200229	3106	1	0	0
20200229	3109	593	43	123
20200229	3111	13	0	0
20200229	3113	1	0	0
20200229	3114	7	0	1
20200229	3116	1128	29	46
20200229	3119	241	5	32
20200229	3128	4	0	0
20200229	3133	1	0	0
20200229	3136	990	6	868
20200229	3137	411	8	271
20200229	3138	576	6	438
20200229	3139	296	1	243
20200229	3141	1349	7	983
20200229	3142	252	2	176
20200229	3144	168	5	148
20200229	3145	318	6	282
20200229	3146	480	13	301
20200229	3147	1272	21	1170
20200229	3148	66337	2727	28993
20200229	3149	1018	4	846
20200229	3150	75	0	49
20200229	3151	631	0	523
20200229	3152	935	1	811
20200229	3153	93	1	75
20200229	3154	121	1	96
20200229	3155	73	0	69
20200229	3157	245	1	207
20200229	3158	756	6	421
20200229	3159	337	3	287
20200229	3160	133	0	114
20200229	3161	538	3	351
20200229	3162	136	3	109
20200229	3164	76	3	62
20200229	3165	174	2	157
20200229	3166	1205	1	1016
20200229	3167	25	0	18
20200229	3173	4	0	0
20200229	3175	1	0	0
20200229	3180	6	0	0
20200229	3187	15	0	0
20200229	3189	6	0	1
20200229	3191	705	6	10
20200229	3192	4	0	0
20200229	3201	1	0	0
20200229	3220	102	0	72
20200229	3225	3150	16	27
20200229	3226	45	0	2
20200229	3231	12	0	0
20200229	3232	18	0	0
20200229	3234	39	1	9
20200229	3237	42	0	28
20200229	3243	23	0	8
20200229	3245	21	0	5
20200229	3380	1	0	0
20200229	3397	3	0	1
20200229	3402	6	1	1
20200229	3405	1	0	0
20200301	2971	1	0	0
20200301	2976	6	0	4
20200301	2982	2	1	0
20200301	2983	14	0	0
20200301	2985	3	0	0
20200301	2986	47	0	0
20200301	2989	2	0	1
20200301	3015	14	0	2
20200301	3058	7	0	0
20200301	3063	3	0	0
20200301	3065	4	0	0
20200301	3068	1	0	0
20200301	3069	6	0	0
20200301	3070	2	0	1
20200301	3076	6	0	1
20200301	3077	130	2	12
20200301	3088	3	0	0
20200301	3089	130	0	16
20200301	3093	7	0	0
20200301	3103	96	2	36
20200301	3106	3	0	0
20200301	3109	978	54	175
20200301	3111	19	0	0
20200301	3113	1	0	0
20200301	3114	10	0	1
20200301	3116	1694	34	83
20200301	3119	256	6	32
20200301	3128	10	0	0
20200301	3133	1	0	0
20200301	3136	990	6	873
20200301	3137	413	8	276
20200301	3138	576	6	450
20200301	3139	296	1	247
20200301	3140	91	2	84
20200301	3141	1349	7	1016
20200301	3142	252	2	181
20200301	3144	168	5	149
20200301	3145	318	6	294
20200301	3146	480	13	342
20200301	3147	1272	22	1198
20200301	3148	66907	2761	31536
20200301	3149	1018	4	866
20200301	3150	75	0	52
20200301	3151	631	0	536
20200301	3152	935	1	831
20200301	3153	93	1	78
20200301	3154	122	1	103
20200301	3157	245	1	208
20200301	3158	758	6	443
20200301	3159	337	3	290
20200301	3160	133	0	116
20200301	3161	538	3	365
20200301	3162	136	3	111
20200301	3164	76	3	64
20200301	3165	174	2	163
20200301	3166	1205	1	1046
20200301	3167	29	0	18
20200301	3173	5	0	0
20200301	3180	10	0	0
20200301	3187	19	0	0
20200301	3201	3	0	0
20200301	3215	1	0	0
20200301	3220	106	0	72
20200301	3225	3736	17	30
20200301	3226	84	0	2
20200301	3231	14	0	0
20200301	3232	27	0	0
20200301	3234	40	1	9
20200301	3237	42	1	28
20200301	3243	36	0	8
20200301	3272	3	0	2
20200301	3382	1	0	0
20200301	3402	9	1	1
20200301	3405	2	0	0
20200302	2967	3	0	0
20200302	2968	1	0	0
20200302	2980	1	0	0
20200302	2981	9	0	4
20200302	2983	18	0	0
20200302	2986	49	0	0
20200302	2989	8	0	1
20200302	3015	17	0	2
20200302	3063	3	0	0
20200302	3068	1	0	0
20200302	3077	191	3	12
20200302	3089	159	0	16
20200302	3103	100	2	36
20200302	3106	6	0	0
20200302	3107	5	0	3
20200302	3108	2	0	0
20200302	3109	1501	66	291
20200302	3111	26	0	0
20200302	3116	2036	52	149
20200302	3119	274	6	32
20200302	3126	56	0	0
20200302	3127	1	0	0
20200302	3128	13	0	0
20200302	3136	990	6	917
20200302	3137	414	8	282
20200302	3138	576	6	469
20200302	3139	296	1	255
20200302	3140	91	2	85
20200302	3141	1350	7	1059
20200302	3142	252	2	192
20200302	3143	146	2	114
20200302	3144	168	5	151
20200302	3145	318	6	296
20200302	3146	480	13	356
20200302	3147	1272	22	1205
20200302	3148	67103	2803	33934
20200302	3149	1018	4	887
20200302	3150	75	0	54
20200302	3151	631	0	543
20200302	3152	935	1	850
20200302	3153	93	1	83
20200302	3155	74	0	69
20200302	3157	245	1	216
20200302	3158	758	6	460
20200302	3159	337	3	292
20200302	3160	133	0	119
20200302	3161	538	3	386
20200302	3164	76	3	66
20200302	3165	174	2	168
20200302	3166	1206	1	1069
20200302	3177	1	0	0
20200302	3180	18	0	0
20200302	3187	25	0	0
20200302	3191	705	6	10
20200302	3199	2	0	0
20200302	3208	3	0	2
20200302	3215	8	0	0
20200302	3216	1	0	0
20200302	3217	1	0	0
20200302	3220	108	0	78
20200302	3225	4335	28	30
20200302	3226	120	0	2
20200302	3231	15	0	0
20200302	3232	42	0	0
20200302	3234	41	1	12
20200302	3237	43	1	31
20200302	3243	40	0	8
20200302	3280	4	0	2
20200302	3301	1	0	0
20200302	3311	1	0	0
20200302	3328	14	5	1
20200302	3361	1	0	0
20200302	3377	1	0	0
20200302	3380	2	0	0
20200302	3382	2	0	0
20200302	3395	1	0	0
20200302	3397	9	0	1
20200302	3400	1	0	0
20200302	3405	4	1	0
20200302	3406	1	0	0
20200302	3422	1	0	0
20200302	3423	45	0	0
20200303	2967	5	0	0
20200303	2970	1	0	0
20200303	2976	13	0	4
20200303	2978	11	0	1
20200303	2983	21	0	0
20200303	2989	13	0	1
20200303	3002	9	0	3
20200303	3015	19	0	2
20200303	3019	1	0	0
20200303	3058	9	0	0
20200303	3063	5	0	0
20200303	3065	6	0	0
20200303	3069	7	0	0
20200303	3072	2	0	0
20200303	3077	204	4	12
20200303	3089	196	0	16
20200303	3103	100	2	37
20200303	3106	11	0	0
20200303	3109	2336	77	291
20200303	3111	32	0	0
20200303	3113	2	0	0
20200303	3114	12	0	1
20200303	3116	2502	79	160
20200303	3119	293	6	43
20200303	3121	1	0	0
20200303	3133	1	0	0
20200303	3135	10	0	9
20200303	3136	990	6	936
20200303	3137	414	8	288
20200303	3138	576	6	490
20200303	3139	296	1	260
20200303	3140	91	2	86
20200303	3141	1350	7	1101
20200303	3142	252	2	202
20200303	3144	168	5	155
20200303	3145	318	6	300
20200303	3146	480	13	366
20200303	3147	1272	22	1231
20200303	3148	67217	2835	36208
20200303	3149	1018	4	906
20200303	3150	75	1	59
20200303	3151	631	0	562
20200303	3152	935	1	870
20200303	3154	125	1	106
20200303	3158	758	6	511
20200303	3159	338	3	294
20200303	3160	133	0	124
20200303	3161	538	3	394
20200303	3162	136	3	124
20200303	3164	76	3	68
20200303	3165	174	2	169
20200303	3166	1213	1	1093
20200303	3167	36	0	22
20200303	3173	5	0	1
20200303	3177	1	0	0
20200303	3180	24	0	0
20200303	3187	32	0	0
20200303	3189	12	0	2
20200303	3191	706	6	10
20200303	3192	5	0	0
20200303	3199	2	0	0
20200303	3201	7	0	0
20200303	3207	3	0	0
20200303	3215	10	1	0
20200303	3217	2	0	0
20200303	3220	110	0	78
20200303	3225	5186	28	30
20200303	3226	165	1	2
20200303	3231	21	0	0
20200303	3232	56	0	2
20200303	3234	42	1	12
20200303	3243	51	0	8
20200303	3244	1	0	0
20200303	3245	27	0	5
20200303	3252	1	0	0
20200303	3261	1	0	0
20200303	3299	2	0	0
20200303	3301	2	0	0
20200303	3311	2	0	0
20200303	3328	21	6	1
20200303	3337	1	0	1
20200303	3340	1	0	0
20200303	3395	2	0	0
20200303	3397	11	0	1
20200303	3405	6	1	0
20200303	3433	1	0	0
20200303	3435	2	0	0
20200303	3440	1	0	0
20200304	2967	12	0	0
20200304	2970	1	0	0
20200304	2976	22	1	4
20200304	2977	1	0	0
20200304	2979	5	0	2
20200304	2981	10	0	4
20200304	2983	29	0	0
20200304	2986	52	0	0
20200304	2988	6	0	0
20200304	2989	23	0	1
20200304	2994	4	0	0
20200304	3002	12	0	3
20200304	3019	1	0	0
20200304	3058	10	0	0
20200304	3063	8	0	0
20200304	3065	10	0	0
20200304	3069	10	0	0
20200304	3075	1	0	0
20200304	3077	285	4	12
20200304	3089	262	0	16
20200304	3092	1	0	0
20200304	3093	9	0	0
20200304	3103	105	2	37
20200304	3105	2	0	0
20200304	3106	26	0	0
20200304	3107	28	0	3
20200304	3109	2922	92	552
20200304	3111	35	2	0
20200304	3113	6	0	0
20200304	3114	15	0	1
20200304	3116	3089	107	276
20200304	3119	331	6	43
20200304	3127	1	0	0
20200304	3128	13	0	1
20200304	3131	1	0	0
20200304	3136	990	6	956
20200304	3137	418	8	297
20200304	3138	576	6	502
20200304	3139	296	1	270
20200304	3140	91	2	87
20200304	3141	1350	7	1133
20200304	3142	252	2	210
20200304	3144	168	5	158
20200304	3145	318	6	301
20200304	3146	480	13	373
20200304	3147	1272	22	1234
20200304	3148	67332	2871	38557
20200304	3149	1018	4	916
20200304	3150	75	1	63
20200304	3151	631	0	577
20200304	3152	935	1	884
20200304	3153	93	1	86
20200304	3155	75	0	69
20200304	3157	245	1	223
20200304	3158	758	6	516
20200304	3159	338	3	298
20200304	3161	538	3	406
20200304	3164	76	3	69
20200304	3166	1213	1	1114
20200304	3167	50	0	22
20200304	3180	38	0	0
20200304	3183	3	0	0
20200304	3187	56	0	0
20200304	3189	15	0	2
20200304	3198	1	0	0
20200304	3199	5	0	0
20200304	3201	8	0	0
20200304	3207	4	0	1
20200304	3211	3	0	0
20200304	3215	16	1	0
20200304	3217	4	0	0
20200304	3225	5621	35	41
20200304	3226	222	2	2
20200304	3231	35	0	0
20200304	3232	90	0	3
20200304	3241	1	0	0
20200304	3243	85	0	8
20200304	3279	1	0	0
20200304	3328	31	9	1
20200304	3334	7	0	0
20200304	3371	3	0	0
20200304	3377	2	1	0
20200304	3405	8	1	0
20200304	3440	10	0	0
20200305	2978	13	0	8
20200305	2981	10	0	7
20200305	2982	3	1	0
20200305	2983	41	0	0
20200305	2985	6	0	0
20200305	2986	55	0	0
20200305	2989	50	0	1
20200305	2993	2	0	0
20200305	3000	2	0	0
20200305	3002	13	0	3
20200305	3015	21	0	2
20200305	3019	4	0	0
20200305	3063	12	0	0
20200305	3069	13	0	0
20200305	3070	3	0	1
20200305	3072	3	0	0
20200305	3076	12	0	1
20200305	3077	377	6	12
20200305	3088	4	0	0
20200305	3089	482	0	16
20200305	3093	31	0	0
20200305	3103	105	2	43
20200305	3105	2	0	0
20200305	3106	34	0	0
20200305	3107	30	0	3
20200305	3109	3513	107	739
20200305	3114	16	0	1
20200305	3116	3858	148	414
20200305	3119	360	6	43
20200305	3126	58	0	0
20200305	3128	16	0	1
20200305	3136	990	6	970
20200305	3138	576	6	512
20200305	3139	296	1	277
20200305	3140	102	2	87
20200305	3141	1351	7	1181
20200305	3142	252	2	214
20200305	3144	168	6	158
20200305	3145	318	6	304
20200305	3146	481	13	379
20200305	3147	1272	22	1239
20200305	3148	67466	2902	40592
20200305	3149	1018	4	938
20200305	3150	75	1	65
20200305	3151	631	0	583
20200305	3152	935	1	901
20200305	3153	93	1	88
20200305	3157	245	1	224
20200305	3158	758	6	578
20200305	3159	339	3	303
20200305	3160	133	0	126
20200305	3161	539	3	425
20200305	3162	136	3	128
20200305	3164	76	3	70
20200305	3166	1215	1	1124
20200305	3177	2	0	0
20200305	3180	82	0	0
20200305	3187	87	0	0
20200305	3189	16	0	2
20200305	3193	4	0	0
20200305	3199	8	0	0
20200305	3207	6	0	1
20200305	3208	4	0	2
20200305	3215	21	1	0
20200305	3216	5	0	0
20200305	3220	117	0	78
20200305	3222	2	0	0
20200305	3224	1	0	0
20200305	3225	6088	35	41
20200305	3226	259	3	2
20200305	3231	94	0	0
20200305	3232	114	1	3
20200305	3234	44	1	12
20200305	3237	47	1	31
20200305	3243	115	1	8
20200305	3245	29	0	5
20200305	3260	2	0	0
20200305	3273	1	0	0
20200305	3280	5	0	2
20200305	3297	1	0	0
20200305	3304	1	0	0
20200305	3307	2	0	0
20200305	3328	51	10	1
20200305	3334	11	0	0
20200305	3361	4	0	0
20200305	3384	1	0	0
20200305	3393	3	0	1
20200305	3394	2	0	0
20200305	3397	20	0	1
20200305	3399	1	0	0
20200305	3405	18	1	0
20200305	3440	18	0	0
20200305	3441	1	0	0
20200306	2967	17	0	0
20200306	2970	2	0	0
20200306	2976	26	1	4
20200306	2977	0	0	0
20200306	2979	7	0	2
20200306	2983	55	0	0
20200306	2986	60	0	4
20200306	2989	109	0	1
20200306	2991	1	0	0
20200306	2994	13	0	0
20200306	2999	1	0	0
20200306	3002	21	0	3
20200306	3003	1	0	0
20200306	3015	24	0	2
20200306	3053	1	0	0
20200306	3056	1	0	0
20200306	3058	11	0	0
20200306	3063	18	0	0
20200306	3065	23	0	1
20200306	3068	2	0	0
20200306	3070	15	0	1
20200306	3072	10	0	0
20200306	3076	15	0	1
20200306	3077	653	9	12
20200306	3089	670	0	17
20200306	3093	45	0	0
20200306	3103	107	2	46
20200306	3106	43	0	0
20200306	3107	31	0	3
20200306	3108	4	0	0
20200306	3109	4747	124	913
20200306	3111	40	3	0
20200306	3113	18	0	0
20200306	3114	21	0	2
20200306	3116	4636	197	523
20200306	3119	420	6	46
20200306	3128	22	0	1
20200306	3133	2	0	0
20200306	3135	10	0	10
20200306	3136	990	6	979
20200306	3137	422	8	299
20200306	3138	576	6	513
20200306	3139	296	1	284
20200306	3140	119	2	87
20200306	3141	1352	7	1216
20200306	3142	252	2	217
20200306	3145	318	6	305
20200306	3146	481	13	396
20200306	3147	1272	22	1244
20200306	3148	67592	2931	42033
20200306	3149	1018	4	955
20200306	3151	631	0	594
20200306	3152	935	1	909
20200306	3153	93	1	90
20200306	3155	75	0	71
20200306	3157	245	1	226
20200306	3158	758	6	618
20200306	3159	342	3	306
20200306	3161	539	3	442
20200306	3164	76	3	71
20200306	3165	174	2	170
20200306	3166	1215	1	1147
20200306	3167	83	0	22
20200306	3173	6	0	1
20200306	3180	128	1	0
20200306	3183	4	0	0
20200306	3186	3	0	0
20200306	3187	108	0	0
20200306	3191	696	6	40
20200306	3192	6	0	0
20200306	3193	16	0	0
20200306	3196	1	0	0
20200306	3197	5	1	1
20200306	3198	5	0	0
20200306	3199	13	0	0
20200306	3207	9	0	1
20200306	3208	13	0	2
20200306	3218	1	0	0
20200306	3220	130	0	78
20200306	3221	1	0	0
20200306	3222	7	0	0
20200306	3224	1	0	0
20200306	3225	6593	42	135
20200306	3226	400	5	2
20200306	3231	101	0	0
20200306	3232	214	1	3
20200306	3234	45	1	12
20200306	3237	48	1	31
20200306	3239	1	0	0
20200306	3243	163	2	8
20200306	3252	2	0	0
20200306	3269	1	0	0
20200306	3279	3	0	0
20200306	3284	1	0	0
20200306	3285	2	0	0
20200306	3289	1	0	0
20200306	3294	1	0	0
20200306	3296	1	0	0
20200306	3307	3	0	0
20200306	3328	58	12	1
20200306	3334	13	0	0
20200306	3340	2	0	0
20200306	3341	1	0	0
20200306	3346	1	0	0
20200306	3351	3	0	0
20200306	3354	1	0	0
20200306	3362	16	0	0
20200306	3366	1	0	0
20200306	3377	5	1	0
20200306	3385	1	0	0
20200306	3405	19	1	0
20200306	3412	3	0	1
20200306	3414	2	0	0
20200306	3425	5	0	0
20200306	3437	1	0	0
20200306	3438	1	0	0
20200306	3440	19	0	0
20200306	3444	1	0	0
20200306	3446	1	0	0
20200307	2970	8	0	0
20200307	2976	28	1	4
20200307	2981	11	0	7
20200307	2983	79	0	0
20200307	2985	9	0	0
20200307	2986	85	0	4
20200307	2989	169	0	1
20200307	2993	3	0	0
20200307	3000	3	0	0
20200307	3002	21	0	4
20200307	3004	1	0	0
20200307	3015	27	0	3
20200307	3053	1	0	0
20200307	3056	1	0	0
20200307	3058	12	0	0
20200307	3063	19	0	0
20200307	3077	949	11	12
20200307	3086	5	0	0
20200307	3089	799	0	18
20200307	3093	46	0	0
20200307	3103	108	2	51
20200307	3105	4	0	0
20200307	3106	50	0	0
20200307	3107	34	0	3
20200307	3109	5823	145	1669
20200307	3111	54	4	0
20200307	3116	5883	233	589
20200307	3119	461	6	76
20200307	3126	61	0	0
20200307	3137	426	8	303
20200307	3138	576	6	526
20200307	3139	296	1	295
20200307	3140	120	2	87
20200307	3141	1352	7	1237
20200307	3142	252	2	218
20200307	3143	146	2	115
20200307	3145	318	6	307
20200307	3146	481	13	403
20200307	3147	1272	22	1244
20200307	3148	67666	2959	43500
20200307	3149	1018	4	960
20200307	3150	75	1	67
20200307	3151	631	0	606
20200307	3152	935	1	916
20200307	3154	125	1	107
20200307	3158	758	6	627
20200307	3159	342	3	313
20200307	3161	539	3	454
20200307	3164	76	3	72
20200307	3166	1215	1	1154
20200307	3167	93	0	23
20200307	3169	3	0	0
20200307	3170	2	0	0
20200307	3180	188	1	0
20200307	3183	5	0	0
20200307	3187	147	0	0
20200307	3193	22	0	0
20200307	3197	6	1	1
20200307	3199	20	0	0
20200307	3207	9	0	3
20200307	3215	23	1	0
20200307	3220	138	0	78
20200307	3225	7041	44	135
20200307	3226	500	10	30
20200307	3231	161	0	0
20200307	3232	268	1	3
20200307	3237	50	1	31
20200307	3239	1	0	0
20200307	3243	206	2	18
20200307	3245	45	0	7
20200307	3254	2	0	0
20200307	3260	4	0	0
20200307	3264	2	0	0
20200307	3267	1	0	0
20200307	3274	1	0	0
20200307	3275	1	0	0
20200307	3280	6	0	2
20200307	3282	1	0	0
20200307	3288	3	0	0
20200307	3291	1	0	0
20200307	3293	2	0	0
20200307	3296	2	0	0
20200307	3297	3	0	0
20200307	3299	3	0	0
20200307	3303	21	0	0
20200307	3307	5	0	0
20200307	3312	1	0	0
20200307	3319	1	0	0
20200307	3321	1	0	0
20200307	3327	1	0	0
20200307	3328	71	15	1
20200307	3330	1	0	0
20200307	3333	2	0	0
20200307	3334	14	0	0
20200307	3336	1	0	0
20200307	3340	3	0	1
20200307	3346	1	0	0
20200307	3353	0	0	0
20200307	3354	4	0	0
20200307	3362	11	0	0
20200307	3375	1	0	0
20200307	3376	2	0	0
20200307	3378	1	0	0
20200307	3381	3	0	0
20200307	3389	2	0	0
20200307	3394	9	0	0
20200307	3396	32	0	1
20200307	3398	1	0	0
20200307	3401	2	0	0
20200307	3405	27	1	0
20200307	3420	1	0	0
20200307	3435	3	0	0
20200307	3440	57	0	0
20200307	3449	18	0	16
20200308	2965	4	0	0
20200308	2967	19	0	0
20200308	2970	12	1	0
20200308	2976	38	3	4
20200308	2978	15	0	8
20200308	2980	2	0	0
20200308	2983	104	0	0
20200308	2987	3	0	0
20200308	2989	200	0	1
20200308	2994	20	0	0
20200308	2996	4	0	0
20200308	2998	2	0	1
20200308	2999	2	0	0
20200308	3000	4	0	0
20200308	3002	27	0	4
20200308	3004	3	0	0
20200308	3015	28	0	3
20200308	3019	8	0	0
20200308	3056	5	0	0
20200308	3063	31	0	0
20200308	3065	35	0	1
20200308	3068	5	0	0
20200308	3069	14	0	0
20200308	3070	49	1	1
20200308	3075	2	0	0
20200308	3076	23	0	1
20200308	3077	1126	19	12
20200308	3088	13	0	0
20200308	3089	1040	0	18
20200308	3093	73	0	0
20200308	3103	114	3	58
20200308	3105	7	0	0
20200308	3107	39	0	3
20200308	3108	6	0	0
20200308	3109	6566	194	2134
20200308	3111	60	6	0
20200308	3113	19	0	0
20200308	3114	39	0	2
20200308	3116	7375	366	622
20200308	3119	502	6	76
20200308	3126	64	0	1
20200308	3127	2	0	0
20200308	3128	32	0	1
20200308	3133	3	0	0
20200308	3136	990	6	984
20200308	3137	428	8	308
20200308	3138	576	6	527
20200308	3140	124	2	87
20200308	3141	1352	7	1256
20200308	3142	252	2	223
20200308	3143	146	2	117
20200308	3144	168	6	159
20200308	3146	481	13	412
20200308	3147	1272	22	1247
20200308	3148	67707	2986	45235
20200308	3149	1018	4	968
20200308	3150	75	1	70
20200308	3151	631	0	612
20200308	3152	935	1	919
20200308	3154	125	1	109
20200308	3157	245	1	227
20200308	3158	758	6	642
20200308	3159	342	3	314
20200308	3161	539	3	464
20200308	3164	76	3	73
20200308	3166	1215	1	1161
20200308	3167	99	0	24
20200308	3168	4	0	0
20200308	3169	3	0	0
20200308	3173	7	0	1
20200308	3174	1	0	0
20200308	3180	265	3	0
20200308	3187	176	0	0
20200308	3192	6	0	1
20200308	3195	1	0	0
20200308	3196	6	0	0
20200308	3197	10	1	1
20200308	3198	11	0	0
20200308	3199	30	0	0
20200308	3201	15	0	0
20200308	3202	21	0	0
20200308	3207	15	0	3
20200308	3208	17	0	3
20200308	3215	36	1	0
20200308	3216	11	0	0
20200308	3217	4	0	1
20200308	3220	150	0	78
20200308	3221	3	0	0
20200308	3222	16	0	0
20200308	3224	3	0	0
20200308	3225	7314	50	118
20200308	3226	673	17	30
20200308	3231	203	0	0
20200308	3232	337	2	3
20200308	3234	45	1	13
20200308	3241	2	0	0
20200308	3243	273	3	18
20200308	3260	4	0	0
20200308	3262	1	0	0
20200308	3273	2	0	0
20200308	3279	12	0	0
20200308	3280	7	0	2
20200308	3281	1	0	0
20200308	3290	1	0	0
20200308	3292	2	0	0
20200308	3293	1	0	0
20200308	3297	6	0	0
20200308	3298	1	0	0
20200308	3301	4	0	0
20200308	3306	1	0	0
20200308	3310	1	0	0
20200308	3313	1	0	0
20200308	3319	2	0	0
20200308	3324	1	0	0
20200308	3328	83	17	1
20200308	3329	1	0	0
20200308	3333	2	1	0
20200308	3334	14	0	0
20200308	3339	1	0	0
20200308	3342	1	0	0
20200308	3346	7	0	0
20200308	3351	4	0	0
20200308	3352	4	0	0
20200308	3354	5	0	0
20200308	3362	12	0	0
20200308	3363	6	0	0
20200308	3368	1	0	0
20200308	3375	4	0	0
20200308	3379	1	0	0
20200308	3387	1	0	0
20200308	3388	2	0	0
20200308	3394	9	0	0
20200308	3396	38	0	1
20200308	3399	1	1	0
20200308	3404	1	0	0
20200308	3405	31	1	0
20200308	3410	1	0	0
20200308	3411	1	0	0
20200308	3412	8	0	1
20200308	3413	1	0	0
20200308	3421	1	0	0
20200308	3424	1	0	0
20200308	3426	1	0	0
20200308	3432	1	0	0
20200308	3435	8	0	0
20200308	3436	2	0	0
20200308	3437	2	0	0
20200308	3440	83	0	0
20200308	3449	30	0	16
20200309	2966	2	0	0
20200309	2967	20	0	0
20200309	2976	48	3	4
20200309	2981	15	0	7
20200309	2982	4	1	0
20200309	2983	131	0	2
20200309	2986	95	0	14
20200309	2988	6	0	1
20200309	2989	239	0	1
20200309	2994	25	0	0
20200309	2995	1	0	0
20200309	2996	4	0	0
20200309	3001	7	0	0
20200309	3002	32	1	4
20200309	3011	34	0	4
20200309	3013	3	0	0
20200309	3056	9	0	0
20200309	3062	2	0	0
20200309	3065	90	0	1
20200309	3069	15	0	0
20200309	3070	55	1	12
20200309	3076	30	0	1
20200309	3077	1209	19	12
20200309	3088	15	0	0
20200309	3089	1176	2	18
20200309	3103	115	3	59
20200309	3105	9	0	0
20200309	3106	58	0	0
20200309	3107	43	0	3
20200309	3108	19	0	0
20200309	3109	7161	237	2394
20200309	3111	60	6	9
20200309	3113	21	0	0
20200309	3116	9172	463	724
20200309	3119	511	17	76
20200309	3127	6	0	0
20200309	3137	428	8	315
20200309	3138	576	6	542
20200309	3140	124	2	88
20200309	3141	1352	8	1260
20200309	3142	252	2	230
20200309	3143	146	2	123
20200309	3146	481	13	430
20200309	3148	67743	3008	46488
20200309	3149	1018	4	979
20200309	3151	631	0	621
20200309	3152	935	1	923
20200309	3153	93	1	91
20200309	3158	758	6	700
20200309	3159	342	3	315
20200309	3160	133	0	127
20200309	3161	539	3	466
20200309	3162	136	3	130
20200309	3166	1215	1	1176
20200309	3167	117	0	24
20200309	3174	1	0	0
20200309	3180	321	3	0
20200309	3184	2	0	0
20200309	3187	205	0	1
20200309	3196	7	0	0
20200309	3197	20	1	1
20200309	3198	16	0	0
20200309	3201	18	0	0
20200309	3211	1	0	0
20200309	3216	15	0	0
20200309	3225	7478	53	118
20200309	3226	1073	28	32
20200309	3228	2	0	0
20200309	3231	248	0	1
20200309	3232	374	2	3
20200309	3234	45	1	15
20200309	3243	321	4	18
20200309	3259	1	0	0
20200309	3264	3	0	0
20200309	3266	1	0	0
20200309	3268	1	0	0
20200309	3270	1	0	0
20200309	3275	3	0	0
20200309	3276	1	0	0
20200309	3289	3	0	0
20200309	3299	5	0	0
20200309	3304	1	1	0
20200309	3307	6	0	0
20200309	3308	2	0	0
20200309	3310	2	0	0
20200309	3312	2	0	0
20200309	3320	1	0	0
20200309	3322	1	0	0
20200309	3323	3	0	0
20200309	3327	4	0	0
20200309	3339	2	0	0
20200309	3352	5	0	0
20200309	3354	17	0	0
20200309	3362	19	0	0
20200309	3371	4	0	0
20200309	3377	7	1	0
20200309	3388	1	0	0
20200309	3389	4	0	0
20200309	3403	1	0	0
20200309	3406	3	0	0
20200309	3409	1	0	0
20200309	3440	98	0	0
20200310	2965	5	0	0
20200310	2966	10	0	0
20200310	2970	17	1	0
20200310	2976	55	2	4
20200310	2977	1	0	0
20200310	2978	18	0	8
20200310	2981	18	0	7
20200310	2982	6	1	0
20200310	2983	182	0	4
20200310	2985	11	0	0
20200310	2986	110	0	22
20200310	2987	3	0	0
20200310	2988	9	0	3
20200310	2989	267	0	1
20200310	2993	5	0	0
20200310	2994	31	0	0
20200310	2995	1	0	0
20200310	2997	1	0	0
20200310	3011	36	0	4
20200310	3013	4	0	0
20200310	3018	1	0	0
20200310	3019	13	0	0
20200310	3053	3	0	0
20200310	3058	14	0	0
20200310	3062	3	0	0
20200310	3063	41	0	0
20200310	3065	262	0	1
20200310	3070	59	1	1
20200310	3072	12	0	0
20200310	3076	40	0	1
20200310	3077	1784	33	12
20200310	3089	1457	2	18
20200310	3092	1	0	1
20200310	3093	89	0	0
20200310	3101	1	0	0
20200310	3104	120	3	65
20200310	3106	69	0	1
20200310	3107	56	0	4
20200310	3108	27	0	2
20200310	3110	8042	291	2731
20200310	3111	71	7	3
20200310	3113	34	0	0
20200310	3114	58	0	4
20200310	3116	10149	631	724
20200310	3119	581	10	101
20200310	3126	69	0	1
20200310	3127	8	0	1
20200310	3128	41	1	1
20200310	3133	5	0	0
20200310	3134	10	0	10
20200310	3137	429	8	320
20200310	3138	576	6	547
20200310	3140	125	2	88
20200310	3141	1353	8	1274
20200310	3142	252	2	234
20200310	3143	146	2	129
20200310	3146	481	13	434
20200310	3148	67760	3024	47743
20200310	3149	1018	4	990
20200310	3151	631	0	627
20200310	3152	935	1	927
20200310	3154	125	1	111
20200310	3157	245	1	227
20200310	3158	758	6	719
20200310	3159	344	3	319
20200310	3160	133	0	131
20200310	3161	539	3	478
20200310	3162	136	3	131
20200310	3166	1215	1	1191
20200310	3167	129	0	24
20200310	3168	6	0	0
20200310	3169	5	0	0
20200310	3173	7	0	4
20200310	3176	1	0	0
20200310	3177	3	1	0
20200310	3179	1	0	1
20200310	3180	382	4	0
20200310	3186	7	0	0
20200310	3187	400	0	1
20200310	3188	25	0	0
20200310	3189	18	0	9
20200310	3192	16	0	1
20200310	3194	1	0	0
20200310	3196	11	0	0
20200310	3197	33	1	2
20200310	3198	22	0	0
20200310	3199	41	0	0
20200310	3201	24	0	0
20200310	3203	7513	54	247
20200310	3204	3	0	0
20200310	3207	25	0	3
20200310	3209	10	0	3
20200310	3213	2	0	0
20200310	3215	51	2	0
20200310	3216	20	0	1
20200310	3218	5	0	0
20200310	3220	160	0	78
20200310	3221	7	0	0
20200310	3222	31	0	0
20200310	3224	7	0	0
20200310	3226	1695	35	32
20200310	3227	1	0	1
20200310	3231	355	0	1
20200310	3232	491	3	3
20200310	3233	47	1	17
20200310	3237	53	1	33
20200310	3241	5	0	0
20200310	3243	382	6	18
20200310	3245	74	0	12
20200310	3255	0	0	0
20200310	3256	6	0	1
20200310	3257	0	0	0
20200310	3265	144	2	2
20200310	3277	15	0	0
20200310	3278	2	0	0
20200310	3283	0	0	0
20200310	3286	46	0	0
20200310	3287	5	0	0
20200310	3295	15	2	0
20200310	3300	17	0	0
20200310	3302	21	0	0
20200310	3309	2	0	0
20200310	3315	0	0	0
20200310	3316	12	0	2
20200310	3317	6	0	0
20200310	3318	8	0	0
20200310	3325	1	0	0
20200310	3326	6	0	0
20200310	3335	1	0	0
20200310	3338	0	0	0
20200310	3343	8	0	0
20200310	3344	92	0	1
20200310	3345	0	0	0
20200310	3347	3	0	0
20200310	3348	0	0	0
20200310	3349	1	0	0
20200310	3350	0	0	0
20200310	3355	3	0	0
20200310	3356	4	0	0
20200310	3357	4	0	0
20200310	3358	15	1	0
20200310	3359	0	0	0
20200310	3360	173	0	0
20200310	3364	7	0	0
20200310	3365	0	0	0
20200310	3367	3	0	0
20200310	3369	2	0	0
20200310	3373	15	0	0
20200310	3374	12	0	0
20200310	3386	3	0	0
20200310	3407	7	0	0
20200310	3408	0	0	0
20200310	3416	7	0	0
20200310	3417	13	0	0
20200310	3427	2	0	0
20200310	3428	1	0	0
20200310	3431	7	0	0
20200310	3434	267	23	1
20200310	3439	0	0	0
20200310	3442	3	0	1
20200310	3443	0	0	0
20200310	3448	31	0	16
20200311	2965	7	0	0
20200311	2966	33	1	0
20200311	2967	26	2	8
20200311	2968	1	0	0
20200311	2969	1	0	0
20200311	2970	31	2	0
20200311	2971	8	0	0
20200311	2972	2	0	0
20200311	2974	1	0	0
20200311	2975	0	0	0
20200311	2976	92	2	4
20200311	2977	1	0	0
20200311	2978	35	0	8
20200311	2979	16	0	3
20200311	2980	5	0	0
20200311	2981	36	0	8
20200311	2982	14	1	0
20200311	2983	246	0	4
20200311	2985	15	1	3
20200311	2986	195	0	35
20200311	2987	3	0	0
20200311	2988	27	0	3
20200311	2989	559	3	1
20200311	2991	1	0	0
20200311	2992	3	0	0
20200311	2993	7	0	0
20200311	2994	38	0	0
20200311	2995	11	0	0
20200311	2996	7	1	0
20200311	2997	2	0	0
20200311	2998	5	0	1
20200311	2999	2	0	0
20200311	3001	19	0	0
20200311	3002	64	1	4
20200311	3005	2	0	0
20200311	3007	4	0	0
20200311	3008	1	0	0
20200311	3011	74	0	4
20200311	3013	8	0	0
20200311	3014	2	0	0
20200311	3016	1	0	0
20200311	3019	23	0	0
20200311	3020	990	6	984
20200311	3021	435	8	326
20200311	3022	576	6	554
20200311	3023	296	1	295
20200311	3024	127	2	88
20200311	3025	1356	8	1282
20200311	3026	252	2	238
20200311	3027	146	2	133
20200311	3028	168	6	159
20200311	3029	318	6	307
20200311	3030	482	13	436
20200311	3031	1273	22	1249
20200311	3032	126	3	65
20200311	3033	67773	3046	49134
20200311	3034	1018	4	995
20200311	3035	75	1	71
20200311	3036	631	0	627
20200311	3037	935	1	932
20200311	3038	93	1	91
20200311	3039	125	1	111
20200311	3040	10	0	10
20200311	3041	75	0	72
20200311	3042	18	0	18
20200311	3043	245	1	232
20200311	3044	760	6	726
20200311	3045	344	3	320
20200311	3046	133	0	131
20200311	3047	539	3	488
20200311	3048	136	3	131
20200311	3049	1	0	1
20200311	3050	76	3	73
20200311	3051	174	2	170
20200311	3052	1215	1	1195
20200311	3053	13	0	0
20200311	3055	1	0	0
20200311	3056	23	0	0
20200311	3057	1	0	0
20200311	3058	19	0	0
20200311	3059	696	7	325
20200311	3060	4	0	0
20200311	3062	14	0	0
20200311	3064	91	0	0
20200311	3066	442	0	1
20200311	3067	2	0	0
20200311	3068	5	0	0
20200311	3069	17	0	0
20200311	3070	60	1	27
20200311	3072	16	0	0
20200311	3074	1	0	0
20200311	3076	155	0	1
20200311	3079	2281	48	12
20200311	3081	3	0	0
20200311	3084	1	0	0
20200311	3085	2	0	0
20200311	3086	5	0	0
20200311	3088	24	0	0
20200311	3089	3675	7	46
20200311	3093	99	1	0
20200311	3095	1	0	0
20200311	3099	1	0	0
20200311	3100	1	1	0
20200311	3101	1	0	0
20200311	3102	2	0	0
20200311	3105	13	0	0
20200311	3106	134	0	1
20200311	3107	62	1	4
20200311	3108	69	4	2
20200311	3109	11364	514	2959
20200311	3111	71	7	15
20200311	3113	43	1	0
20200311	3114	109	0	4
20200311	3116	12462	827	1045
20200311	3118	8	0	0
20200311	3119	639	15	118
20200311	3121	1	0	1
20200311	3122	4	0	0
20200311	3123	1	0	0
20200311	3124	7755	60	288
20200311	3126	80	0	5
20200311	3127	17	0	1
20200311	3128	77	3	1
20200311	3131	1	0	0
20200311	3132	6	0	0
20200311	3133	34	0	0
20200311	3140	0	0	0
20200311	3145	0	0	0
20200311	3167	197	0	26
20200311	3168	9	0	0
20200311	3169	12	0	1
20200311	3170	3	0	0
20200311	3173	8	0	4
20200311	3174	6	0	0
20200311	3175	2	0	0
20200311	3176	1	0	0
20200311	3177	7	1	1
20200311	3179	1	0	1
20200311	3180	804	10	0
20200311	3183	5	0	0
20200311	3184	2	0	0
20200311	3186	14	0	1
20200311	3187	996	0	1
20200311	3188	0	0	0
20200311	3189	19	0	9
20200311	3192	19	0	2
20200311	3194	27	1	0
20200311	3195	6	0	0
20200311	3196	28	0	0
20200311	3197	64	5	2
20200311	3198	31	0	0
20200311	3199	112	0	1
20200311	3201	320	0	0
20200311	3206	1	0	0
20200311	3207	45	0	6
20200311	3208	45	0	3
20200311	3215	62	2	0
20200311	3216	86	0	1
20200311	3217	10	0	1
20200311	3218	35	0	0
20200311	3220	200	0	97
20200311	3221	32	0	0
20200311	3222	141	0	0
20200311	3224	24	0	0
20200311	3226	2277	54	183
20200311	3227	6	0	1
20200311	3229	1	1	0
20200311	3231	814	1	1
20200311	3232	652	4	4
20200311	3235	48	1	17
20200311	3237	75	1	35
20200311	3239	1	0	0
20200311	3241	16	0	0
20200311	3242	5	0	0
20200311	3244	3	1	0
20200311	3245	74	0	17
20200311	3247	2	0	0
20200311	3248	1	0	1
20200311	3249	456	8	18
20200311	3250	798	8	18
20200311	3253	5	0	0
20200311	3255	1	0	0
20200311	3256	9	0	1
20200311	3257	6	0	0
20200311	3265	177	3	2
20200311	3277	34	0	0
20200311	3278	3	0	0
20200311	3283	1	0	0
20200311	3286	46	0	0
20200311	3287	10	0	0
20200311	3295	50	2	0
20200311	3300	42	1	0
20200311	3302	21	0	0
20200311	3309	2	0	0
20200311	3315	1	0	0
20200311	3316	25	0	2
20200311	3317	11	0	0
20200311	3318	17	0	0
20200311	3325	5	1	0
20200311	3326	14	0	0
20200311	3335	36	0	0
20200311	3338	1	0	0
20200311	3343	18	0	0
20200311	3344	95	0	1
20200311	3345	16	0	0
20200311	3347	14	0	0
20200311	3348	1	0	0
20200311	3349	2	0	0
20200311	3350	1	0	0
20200311	3355	5	0	0
20200311	3356	7	0	0
20200311	3357	6	0	0
20200311	3358	29	1	0
20200311	3359	10	0	0
20200311	3360	220	0	0
20200311	3364	17	0	0
20200311	3365	1	0	0
20200311	3367	13	0	0
20200311	3369	2	0	0
20200311	3373	19	0	0
20200311	3374	16	0	0
20200311	3386	14	0	0
20200311	3407	10	0	0
20200311	3408	8	1	0
20200311	3416	9	0	0
20200311	3417	21	0	0
20200311	3427	3	0	0
20200311	3428	2	0	0
20200311	3431	30	0	0
20200311	3434	366	29	1
20200311	3439	0	0	0
20200311	3442	6	0	1
20200311	3443	1	0	0
20200311	3449	38	0	16
20200312	2966	23	1	0
20200312	2967	24	1	8
20200312	2968	1	0	1
20200312	2971	4	0	0
20200312	2983	302	1	4
20200312	2988	12	0	3
20200312	2993	11	0	0
20200312	2994	52	0	0
20200312	3002	46	1	4
20200312	3011	42	0	4
20200312	3013	9	0	0
20200312	3021	435	8	334
20200312	3022	576	6	564
20200312	3025	1356	8	1289
20200312	3026	252	2	241
20200312	3027	146	2	137
20200312	3028	168	6	160
20200312	3029	318	6	308
20200312	3030	482	13	441
20200312	3032	129	3	67
20200312	3033	67781	3056	50318
20200312	3034	1018	4	999
20200312	3036	631	0	629
20200312	3037	935	1	934
20200312	3038	93	1	91
20200312	3039	125	1	112
20200312	3043	245	2	232
20200312	3044	760	6	734
20200312	3045	344	3	321
20200312	3046	133	0	132
20200312	3047	539	3	498
20200312	3048	136	3	132
20200312	3052	1215	1	1197
20200312	3056	22	0	0
20200312	3057	1	0	0
20200312	3060	3	0	0
20200312	3064	94	0	0
20200312	3066	615	0	1
20200312	3070	67	1	27
20200312	3089	2078	3	25
20200312	3100	1	1	0
20200312	3106	103	0	1
20200312	3107	73	1	4
20200312	3109	10075	429	2959
20200312	3111	71	8	15
20200312	3114	131	0	4
20200312	3118	2	0	0
20200312	3119	639	16	118
20200312	3124	7869	66	333
20200312	3126	80	0	5
20200312	3128	61	3	1
20200312	3133	19	0	0
20200312	3173	12	0	4
20200312	3175	2	0	0
20200312	3177	6	1	0
20200312	3187	702	0	1
20200312	3192	20	0	2
20200312	3194	11	1	0
20200312	3196	15	0	0
20200312	3197	52	2	2
20200312	3198	49	1	0
20200312	3207	49	0	6
20200312	3208	28	0	3
20200312	3215	69	3	0
20200312	3216	45	0	1
20200312	3218	19	0	0
20200312	3221	16	0	0
20200312	3222	89	0	0
20200312	3224	17	0	0
20200312	3226	2277	55	183
20200312	3231	599	1	1
20200312	3235	49	1	20
20200312	3237	70	1	34
20200312	3245	85	0	17
20200312	3257	6	0	0
20200312	3265	221	4	6
20200312	3277	45	0	0
20200312	3278	5	0	0
20200312	3295	35	2	0
20200312	3300	31	1	0
20200312	3316	32	0	2
20200312	3317	13	0	0
20200312	3318	16	0	0
20200312	3326	10	0	0
20200312	3335	19	0	0
20200312	3343	12	0	0
20200312	3344	108	0	1
20200312	3347	9	0	0
20200312	3348	1	0	0
20200312	3355	10	0	0
20200312	3356	14	0	0
20200312	3357	6	0	0
20200312	3358	29	1	0
20200312	3359	5	0	0
20200312	3360	328	0	0
20200312	3364	15	0	0
20200312	3365	1	0	0
20200312	3367	5	0	0
20200312	3373	24	0	0
20200312	3374	22	0	0
20200312	3407	12	0	0
20200312	3416	18	0	0
20200312	3417	27	0	0
20200312	3427	5	0	0
20200312	3428	2	0	0
20200312	3431	17	0	0
20200312	3434	442	31	1
20200312	3442	8	0	1
20200312	3443	1	0	0
20200312	3449	39	0	16
20200313	2968	1	0	1
20200313	2969	1	0	0
20200313	2972	2	0	0
20200313	2985	23	1	6
20200313	2987	3	0	0
20200313	2988	27	0	3
20200313	2991	1	0	0
20200313	2994	151	0	0
20200313	2997	3	0	0
20200313	2999	2	0	0
20200313	3013	17	0	0
20200313	3016	1	0	0
20200313	3021	436	8	342
20200313	3022	576	6	566
20200313	3024	127	2	88
20200313	3025	1356	8	1296
20200313	3026	252	2	243
20200313	3027	146	2	140
20200313	3029	318	6	310
20200313	3030	482	13	446
20200313	3032	134	4	77
20200313	3033	67786	3062	51553
20200313	3034	1018	4	1005
20200313	3036	631	0	630
20200313	3038	93	1	91
20200313	3044	760	7	739
20200313	3045	346	3	324
20200313	3046	133	0	133
20200313	3047	539	3	503
20200313	3055	2	0	0
20200313	3057	1	0	0
20200313	3059	696	7	325
20200313	3060	4	0	0
20200313	3074	1	0	0
20200313	3095	3	0	0
20200313	3098	1	0	0
20200313	3099	1	0	0
20200313	3101	1	0	0
20200313	3102	2	0	0
20200313	3118	10	0	0
20200313	3123	3	0	0
20200313	3176	1	0	0
20200313	3179	1	0	1
20200313	3184	2	0	0
20200313	3186	14	0	1
20200313	3189	19	0	9
20200313	3195	6	0	0
20200313	3217	24	0	1
20200313	3239	1	0	0
20200313	3242	5	0	0
20200313	3244	3	1	0
20200313	3245	85	0	17
20200313	3255	1	0	0
20200313	3318	17	0	0
20200313	3326	14	0	0
20200314	2965	11	0	0
20200314	2966	38	1	0
20200314	2967	37	3	12
20200314	2970	34	2	1
20200314	2971	18	0	0
20200314	2974	1	0	0
20200314	2975	0	0	0
20200314	2976	112	2	4
20200314	2977	1	0	0
20200314	2978	46	0	8
20200314	2979	19	0	3
20200314	2980	5	0	0
20200314	2981	49	0	8
20200314	2982	17	1	0
20200314	2983	655	1	6
20200314	2986	210	0	44
20200314	2989	689	4	1
20200314	2992	10	0	0
20200314	2993	18	0	0
20200314	2995	40	0	0
20200314	2996	41	2	0
20200314	2998	7	0	1
20200314	3001	29	0	0
20200314	3002	64	1	4
20200314	3007	4	0	0
20200314	3011	79	0	4
20200314	3014	2	0	0
20200314	3019	61	0	0
20200314	3021	437	8	349
20200314	3022	576	6	569
20200314	3024	129	2	89
20200314	3025	1356	8	1299
20200314	3027	146	2	143
20200314	3030	482	13	447
20200314	3031	1273	22	1250
20200314	3032	140	4	78
20200314	3033	67790	3075	52960
20200314	3034	1018	4	1014
20200314	3039	125	1	113
20200314	3041	75	0	73
20200314	3044	760	7	741
20200314	3045	353	3	324
20200314	3047	539	3	511
20200314	3051	174	2	172
20200314	3052	1227	1	1211
20200314	3053	22	0	0
20200314	3056	26	0	0
20200314	3058	38	0	1
20200314	3061	1	0	0
20200314	3062	26	0	0
20200314	3064	189	0	0
20200314	3066	827	1	1
20200314	3067	9	0	0
20200314	3068	11	0	0
20200314	3069	28	2	0
20200314	3070	109	2	27
20200314	3072	115	0	0
20200314	3073	1	0	0
20200314	3076	225	0	1
20200314	3078	5	0	0
20200314	3079	4469	91	12
20200314	3081	3	0	0
20200314	3083	1	0	0
20200314	3084	1	0	0
20200314	3085	2	0	0
20200314	3087	1	0	0
20200314	3088	30	0	0
20200314	3089	4585	9	46
20200314	3091	3	0	0
20200314	3093	228	3	8
20200314	3097	1	0	0
20200314	3100	1	1	0
20200314	3105	30	0	1
20200314	3106	156	0	1
20200314	3107	102	2	4
20200314	3108	96	5	8
20200314	3109	12729	611	2959
20200314	3111	110	10	26
20200314	3113	129	2	0
20200314	3114	193	0	4
20200314	3116	21157	1441	1966
20200314	3119	773	22	118
20200314	3120	2	0	0
20200314	3121	1	0	1
20200314	3122	6	0	0
20200314	3124	8086	72	510
20200314	3126	104	0	5
20200314	3127	26	0	1
20200314	3128	93	3	1
20200314	3131	4	0	0
20200314	3132	8	0	0
20200314	3133	51	1	0
20200314	3167	238	0	35
20200314	3168	10	0	0
20200314	3169	18	0	1
20200314	3170	9	0	0
20200314	3171	1	0	0
20200314	3173	26	0	4
20200314	3174	23	0	0
20200314	3175	2	0	0
20200314	3177	17	1	1
20200314	3178	2	0	0
20200314	3180	959	12	2
20200314	3183	6	0	0
20200314	3187	1090	3	1
20200314	3192	31	0	2
20200314	3194	36	1	0
20200314	3196	38	0	0
20200314	3197	111	8	2
20200314	3198	103	3	0
20200314	3199	169	0	2
20200314	3201	337	0	4
20200314	3206	6	0	0
20200314	3207	123	0	9
20200314	3208	59	0	8
20200314	3210	1	0	0
20200314	3212	2	0	0
20200314	3214	1	0	0
20200314	3215	80	5	4
20200314	3216	103	0	1
20200314	3218	46	0	0
20200314	3219	2	0	0
20200314	3220	212	0	105
20200314	3221	44	0	0
20200314	3222	181	1	0
20200314	3224	38	0	0
20200314	3226	6391	195	517
20200314	3227	10	0	1
20200314	3229	1	1	0
20200314	3230	1	0	0
20200314	3231	961	2	1
20200314	3232	1359	13	4
20200314	3235	53	1	20
20200314	3237	82	1	35
20200314	3240	2	0	0
20200314	3241	18	0	0
20200314	3248	1	0	1
20200314	3250	1140	21	18
20200314	3251	4	0	0
20200314	3253	6	0	0
20200314	3256	12	0	1
20200314	3257	12	0	0
20200314	3265	340	5	6
20200314	3277	101	1	0
20200314	3278	22	0	0
20200314	3283	7	0	0
20200314	3295	76	3	0
20200314	3300	66	1	0
20200314	3309	4	0	0
20200314	3315	2	0	0
20200314	3316	64	0	2
20200314	3317	16	0	0
20200314	3325	8	1	0
20200314	3335	77	1	0
20200314	3338	3	0	0
20200314	3343	26	0	0
20200314	3344	138	0	1
20200314	3345	25	0	0
20200314	3347	21	0	0
20200314	3348	10	0	0
20200314	3349	4	0	0
20200314	3350	5	0	0
20200314	3355	14	0	0
20200314	3356	24	0	0
20200314	3357	13	0	0
20200314	3358	69	1	0
20200314	3359	10	0	0
20200314	3360	525	2	0
20200314	3364	24	0	0
20200314	3367	26	0	0
20200314	3369	7	0	0
20200314	3373	32	0	0
20200314	3374	66	0	0
20200314	3383	5	0	0
20200314	3386	20	0	0
20200314	3407	28	0	0
20200314	3408	9	1	0
20200314	3416	32	0	0
20200314	3417	57	0	0
20200314	3427	10	0	0
20200314	3428	8	0	0
20200314	3430	1	0	0
20200314	3431	41	1	0
20200314	3434	572	37	1
20200314	3442	27	0	1
20200314	3443	2	0	0
20200314	3447	2	0	0
20200314	3449	53	0	16
20200315	2965	16	0	0
20200315	2966	42	1	0
20200315	2967	48	4	12
20200315	2969	1	0	0
20200315	2970	45	2	1
20200315	2971	26	0	0
20200315	2976	134	2	4
20200315	2978	61	0	8
20200315	2979	20	0	3
20200315	2980	6	0	0
20200315	2981	57	0	8
20200315	2983	860	1	6
20200315	2987	5	0	0
20200315	2989	886	4	1
20200315	2993	24	0	0
20200315	2994	162	0	0
20200315	2995	50	0	0
20200315	2996	51	2	0
20200315	3001	39	0	0
20200315	3002	73	1	4
20200315	3008	2	0	0
20200315	3009	1	0	0
20200315	3011	104	0	4
20200315	3012	1	0	0
20200315	3013	24	0	0
20200315	3017	1	0	0
20200315	3021	442	8	353
20200315	3022	576	6	570
20200315	3024	133	2	91
20200315	3025	1360	8	1304
20200315	3030	482	13	453
20200315	3032	145	4	81
20200315	3033	67794	3085	54288
20200315	3036	631	0	631
20200315	3039	125	1	114
20200315	3047	539	3	516
20200315	3048	136	3	133
20200315	3052	1231	1	1211
20200315	3053	34	0	0
20200315	3054	1	0	0
20200315	3056	27	0	0
20200315	3058	49	0	1
20200315	3064	253	0	0
20200315	3066	864	2	1
20200315	3067	11	0	0
20200315	3070	110	2	21
20200315	3071	1	0	0
20200315	3072	171	0	1
20200315	3073	1	0	0
20200315	3076	244	0	10
20200315	3079	4499	91	12
20200315	3080	7	0	0
20200315	3081	3	0	0
20200315	3089	5795	11	46
20200315	3091	6	0	0
20200315	3093	331	4	8
20200315	3099	1	0	0
20200315	3100	4	1	0
20200315	3102	3	0	0
20200315	3105	32	1	1
20200315	3106	171	5	8
20200315	3107	113	2	13
20200315	3108	117	5	8
20200315	3109	13938	724	4590
20200315	3114	251	0	4
20200315	3121	8	0	1
20200315	3122	9	0	0
20200315	3124	8162	75	510
20200315	3125	2	0	0
20200315	3126	112	0	5
20200315	3127	30	0	1
20200315	3128	110	3	1
20200315	3132	12	0	1
20200315	3133	59	1	0
20200315	3167	428	0	42
20200315	3168	13	0	0
20200315	3169	21	0	1
20200315	3171	1	0	0
20200315	3173	41	0	4
20200315	3177	28	1	1
20200315	3180	1135	20	2
20200315	3183	8	0	0
20200315	3187	1221	3	1
20200315	3189	22	0	9
20200315	3192	53	0	2
20200315	3194	43	1	0
20200315	3196	43	0	0
20200315	3197	140	11	2
20200315	3198	119	3	0
20200315	3199	245	0	2
20200315	3206	7	0	0
20200315	3207	131	0	9
20200315	3208	63	0	8
20200315	3210	1	0	0
20200315	3215	101	5	4
20200315	3219	2	0	0
20200315	3220	226	0	105
20200315	3221	54	0	0
20200315	3222	219	1	0
20200315	3224	51	0	0
20200315	3226	7798	289	517
20200315	3227	18	0	1
20200315	3231	1022	3	1
20200315	3232	2200	14	4
20200315	3235	59	1	20
20200315	3237	114	1	35
20200315	3242	6	0	0
20200315	3245	98	0	23
20200315	3247	3	0	0
20200315	3253	12	0	0
20200315	3257	16	0	0
20200315	3265	426	6	6
20200315	3278	24	0	0
20200315	3287	16	0	0
20200315	3295	115	4	0
20200315	3300	99	1	0
20200315	3305	3	0	0
20200315	3309	6	0	0
20200315	3315	5	0	0
20200315	3316	93	0	2
20200315	3317	20	0	0
20200315	3318	18	0	0
20200315	3326	20	0	0
20200315	3335	91	2	0
20200315	3338	12	0	0
20200315	3343	32	0	0
20200315	3345	33	0	0
20200315	3347	35	0	0
20200315	3349	5	0	0
20200315	3350	7	0	0
20200315	3355	17	0	0
20200315	3358	98	2	0
20200315	3359	13	0	0
20200315	3360	732	3	0
20200315	3364	33	0	0
20200315	3367	37	0	0
20200315	3373	36	1	0
20200315	3417	72	0	0
20200315	3427	28	0	0
20200315	3431	45	1	0
20200315	3434	643	40	1
20200315	3442	32	0	1
20200315	3443	3	0	0
20200315	3445	1	0	0
20200315	3447	10	0	0
20200315	3449	56	0	16
20200316	2965	21	0	1
20200316	2966	51	1	0
20200316	2967	54	4	12
20200316	2968	2	0	1
20200316	2970	56	2	1
20200316	2971	52	0	0
20200316	2974	2	0	0
20200316	2976	171	2	4
20200316	2978	68	0	8
20200316	2979	29	0	3
20200316	2980	7	0	0
20200316	2981	71	0	8
20200316	2982	28	1	0
20200316	2983	1018	3	6
20200316	2985	15	1	6
20200316	2986	214	1	77
20200316	2987	8	0	2
20200316	2988	36	0	3
20200316	2989	1058	5	1
20200316	2990	1	0	0
20200316	2992	11	0	0
20200316	2993	25	0	0
20200316	2994	200	0	1
20200316	2995	54	0	0
20200316	2996	52	2	0
20200316	2997	15	0	0
20200316	2999	4	0	0
20200316	3001	56	0	0
20200316	3002	103	4	4
20200316	3005	2	0	0
20200316	3007	7	0	0
20200316	3008	6	0	0
20200316	3010	5	0	0
20200316	3011	177	0	5
20200316	3013	50	0	0
20200316	3014	7	0	0
20200316	3017	1	0	0
20200316	3019	155	0	0
20200316	3021	452	8	360
20200316	3025	1361	8	1306
20200316	3026	252	2	248
20200316	3027	146	2	144
20200316	3028	168	6	161
20200316	3030	482	13	455
20200316	3032	155	4	84
20200316	3033	67798	3099	55142
20200316	3035	75	1	73
20200316	3038	93	1	92
20200316	3039	125	1	115
20200316	3040	11	0	10
20200316	3041	75	0	75
20200316	3043	245	2	233
20200316	3044	760	7	746
20200316	3045	355	3	325
20200316	3051	176	2	172
20200316	3052	1231	1	1216
20200316	3053	54	0	0
20200316	3054	1	0	0
20200316	3056	35	0	0
20200316	3058	57	0	2
20200316	3062	33	0	0
20200316	3064	298	0	3
20200316	3066	914	3	1
20200316	3067	18	0	0
20200316	3069	37	2	0
20200316	3070	150	2	27
20200316	3072	205	0	1
20200316	3074	5	0	0
20200316	3076	277	0	10
20200316	3079	6633	148	12
20200316	3080	5	0	0
20200316	3082	3	0	0
20200316	3083	1	0	0
20200316	3084	3	0	0
20200316	3086	11	0	0
20200316	3088	33	0	1
20200316	3089	7272	17	67
20200316	3093	331	4	8
20200316	3094	1	0	0
20200316	3095	6	0	0
20200316	3096	3	0	0
20200316	3097	2	1	0
20200316	3102	6	0	0
20200316	3105	39	1	1
20200316	3106	180	0	0
20200316	3107	119	2	13
20200316	3108	134	5	8
20200316	3109	14991	853	4590
20200316	3111	124	10	26
20200316	3113	169	2	0
20200316	3114	255	0	4
20200316	3116	27980	2158	2749
20200316	3118	10	0	2
20200316	3119	825	27	144
20200316	3121	17	0	1
20200316	3122	10	0	0
20200316	3123	3	0	0
20200316	3124	8236	75	1137
20200316	3126	123	0	9
20200316	3127	34	0	1
20200316	3128	99	3	1
20200316	3130	1	0	0
20200316	3132	17	0	1
20200316	3133	77	1	0
20200316	3167	566	0	42
20200316	3169	30	0	2
20200316	3170	15	1	0
20200316	3172	1	0	0
20200316	3173	53	0	4
20200316	3174	23	0	0
20200316	3175	7	0	0
20200316	3177	29	1	1
20200316	3181	1	0	0
20200316	3182	1413	24	2
20200316	3186	18	0	1
20200316	3187	1333	3	1
20200316	3189	22	0	9
20200316	3192	136	0	2
20200316	3194	55	1	0
20200316	3195	8	0	0
20200316	3196	86	0	0
20200316	3197	142	12	2
20200316	3198	177	4	13
20200316	3199	331	0	3
20200316	3200	3	0	0
20200316	3201	439	0	4
20200316	3205	1	0	0
20200316	3206	9	0	0
20200316	3207	158	0	9
20200316	3208	90	0	8
20200316	3210	5	0	0
20200316	3212	2	0	0
20200316	3215	109	7	4
20200316	3216	118	0	2
20200316	3217	24	0	2
20200316	3218	55	0	1
20200316	3219	3	0	0
20200316	3220	243	0	109
20200316	3221	63	0	0
20200316	3222	253	1	0
20200316	3223	1	0	0
20200316	3224	62	0	0
20200316	3226	9942	342	530
20200316	3227	28	0	1
20200316	3231	1103	6	1
20200316	3235	67	1	20
20200316	3236	1	0	0
20200316	3237	147	1	35
20200316	3238	1	0	0
20200316	3240	4	0	0
20200316	3241	20	0	0
20200316	3242	18	0	0
20200316	3244	7	1	0
20200316	3245	98	0	23
20200316	3246	1	1	0
20200316	3247	6	0	0
20200316	3250	1543	55	20
20200316	3251	8	0	0
20200316	3253	29	0	0
20200316	3256	18	0	1
20200316	3257	22	0	0
20200316	3265	557	7	6
20200316	3277	160	1	0
20200316	3278	30	0	0
20200316	3283	8	0	0
20200316	3286	47	0	0
20200316	3287	22	0	0
20200316	3295	155	5	0
20200316	3300	121	1	0
20200316	3302	20	0	0
20200316	3309	7	0	0
20200316	3316	105	0	2
20200316	3317	25	1	0
20200316	3318	23	0	0
20200316	3325	11	1	0
20200316	3326	21	1	1
20200316	3335	136	3	0
20200316	3338	17	0	0
20200316	3343	41	0	3
20200316	3344	197	0	1
20200316	3345	53	0	0
20200316	3347	54	0	0
20200316	3348	13	0	0
20200316	3349	6	0	0
20200316	3355	18	0	0
20200316	3356	45	1	0
20200316	3357	17	0	0
20200316	3358	178	2	1
20200316	3359	17	0	0
20200316	3360	967	10	0
20200316	3364	38	0	0
20200316	3367	50	0	0
20200316	3369	10	0	0
20200316	3373	39	1	0
20200316	3374	77	0	0
20200316	3383	5	0	0
20200316	3386	21	0	0
20200316	3407	33	1	0
20200316	3408	10	1	0
20200316	3416	52	0	0
20200316	3417	85	0	0
20200316	3427	39	0	0
20200316	3428	12	0	0
20200316	3429	1	0	0
20200316	3431	49	1	0
20200316	3434	904	48	1
20200316	3442	47	0	1
20200316	3445	6	0	0
20200316	3447	17	0	0
20200316	3449	61	0	16
